0.09525692
0.20222567
0.28214306
0.07266025
0.10777686
0.09666445
0.111699335
0.05429896
0.030064404
0.051233016
0.026977565
0.029248893
0.034879718
0.037017394
0.03162573
0.024148896
0.029210635
0.03170499
0.036315586
0.017889503
0.021076445
0.021366797
0.015032391
0.018622564
0.015549332
0.02115632
0.01745991
0.020931654
0.014469944
0.018730959
0.017917493
0.01913161
0.014990691
0.016346928
0.014571338
0.015057513
0.019150559
0.014389009
0.017354434
0.0135451695
0.015742032
0.014476184
0.016749913
0.021449024
0.012785012
0.011941235
0.016793085
0.014572304
0.014101633
0.014378077
0.021594731
0.010697712
0.012340188
0.01806559
0.012999795
0.023503935
0.018708058
0.018358642
0.007443953
0.011039324
0.021807158
0.011225987
0.009522218
0.009332847
0.009186554
0.010348665
0.012191717
0.017465532
0.013274281
0.011971216
0.013366856
0.014676682
0.013204377
0.010401135
0.0147960605
0.010433855
0.007937068
0.012302199
0.010036929
0.011165029
0.010049192
0.011202392
0.031203452
0.008444982
0.011839568
0.012457231
0.016033413
0.009253764
0.011802803
0.01363656
0.013585776
0.009408367
0.010757243
0.010050477
0.012781542
0.012273145
0.014599321
0.015835486
0.005093224
