0.22216257
0.05767418
0.15503076
0.06822037
0.1482251
0.047100075
0.09251787
0.07022971
0.03701805
0.05987841
0.03679071
0.03771589
0.03202711
0.040090177
0.029030127
0.031830862
0.03303501
0.030017266
0.022224637
0.018596599
0.018634008
0.025053417
0.024201788
0.022180926
0.018179031
0.016284706
0.02247458
0.016450426
0.015289538
0.01964688
0.016551325
0.017086849
0.02669409
0.017390775
0.022062423
0.01820203
0.017333128
0.01777913
0.011030356
0.010104054
0.02533488
0.029891888
0.015638793
0.012049192
0.0132910935
0.012300343
0.015113225
0.013345996
0.011961087
0.017251495
0.011200725
0.009935565
0.01049118
0.009250332
0.0074279956
0.015397749
0.0077064275
0.008906425
0.007829732
0.012845298
0.008882017
0.015618799
0.013460044
0.012697013
0.007965478
0.008525487
0.011029289
0.013642932
0.008913935
0.013435669
0.00906628
0.010478838
0.009519996
0.009336533
0.008427247
0.0076327003
0.010040577
0.009067377
0.064299375
0.009737586
0.010898794
0.005817295
0.008486678
0.0074125645
0.00571448
0.005599685
0.011970407
0.004607202
0.009031626
0.0057159625
0.008144897
0.008844888
0.01172053
0.0068844957
0.007744621
0.0067786146
0.011414604
0.01284485
0.009939558
