0.21984382
0.19787595
0.17695293
0.17585494
0.044645533
0.07597525
0.07338583
0.092568584
0.13117994
0.112251095
0.13337465
0.14216976
0.14925052
0.15703581
0.16590834
0.17358541
0.20163192
0.20122688
0.2067375
0.21027233
0.17632633
0.22918896
0.22345798
0.21382014
0.24614282
0.22058932
0.23226148
0.2305389
0.24138148
0.20602915
0.22160274
0.25333464
0.2485096
0.26091912
0.23822707
0.24371615
0.23497379
0.21449955
0.25335687
0.2564396
0.24555463
0.22022313
0.24355851
0.25248012
0.23991573
0.23639993
0.2363239
0.26122278
0.26409072
0.23763102
0.25357854
0.23116374
0.24573381
0.2582072
0.24718441
0.24864775
0.26075798
0.2518296
0.24873804
0.2571495
0.25026196
0.24162994
0.27838254
0.25541303
0.25491536
0.26902264
0.24531971
0.2518599
0.28053802
0.260877
0.27302602
0.25784987
0.25971526
0.25770515
0.26106134
0.25633135
0.26040903
0.26651648
0.26732224
0.23493695
0.26361418
0.24211136
0.25206104
0.2523528
0.25492218
0.22556077
0.2470961
0.26025432
0.25367635
0.26836553
0.2439407
0.25838417
0.26050782
0.2465936
0.25401697
0.2579717
0.24065456
0.2608393
0.26702455
