0.05386394
0.06515811
0.06487106
0.07750998
0.07684391
0.11324569
0.10486698
0.12188574
0.12652247
0.15677609
0.1500121
0.1628781
0.19084254
0.17410384
0.18052396
0.17007671
0.19238964
0.2003666
0.23443255
0.21545078
0.21742563
0.19802031
0.21929596
0.20388617
0.21817853
0.22244722
0.2300795
0.21704565
0.23615645
0.22436582
0.2543398
0.21926017
0.23932843
0.23859465
0.24153692
0.2447111
0.22400235
0.23488086
0.22257443
0.23549174
0.2268854
0.21909729
0.23392865
0.24042536
0.24373639
0.24235672
0.22871415
0.24517494
0.24248719
0.25177914
0.22787187
0.24119861
0.23460937
0.24882336
0.2473187
0.25719586
0.24370816
0.22680293
0.23556985
0.22135916
0.24823311
0.22259645
0.24237302
0.21504544
0.26512548
0.1931628
0.04300191
0.06458972
0.04646436
0.053831723
0.048419684
0.056760103
0.05173988
0.06552463
0.046209127
0.0670641
0.042063177
0.05653767
0.05057978
0.060633805
0.04580179
0.052432153
0.05266104
0.03675557
0.04014343
0.054305907
0.04666993
0.042111866
0.04163008
0.02538722
0.025732983
0.0262314
0.038435075
0.032543384
0.031023918
0.036633402
0.027371341
0.025123432
0.04979263
