0.044446632
0.07400286
0.11571603
0.15734714
0.1423913
0.13150151
0.18281192
0.18318912
0.2691856
0.24761684
0.2224639
0.21669725
0.22127813
0.22702953
0.29098937
0.24141975
0.24995485
0.2882868
0.273628
0.2825977
0.28279117
0.28221974
0.28770906
0.3137969
0.3064263
0.30539277
0.30900174
0.2822435
0.30741814
0.32680854
0.29851708
0.32220486
0.3170513
0.29858437
0.32055655
0.3127225
0.30843166
0.32739934
0.32555786
0.34568858
0.3411347
0.33251625
0.3052515
0.34680542
0.3335728
0.32591352
0.3241927
0.34567237
0.33307862
0.32752258
0.33087224
0.32705766
0.3530732
0.31782183
0.3414671
0.3520813
0.36188465
0.33304688
0.3205676
0.33132544
0.30924004
0.30306524
0.31868616
0.31322187
0.29333368
0.32533783
0.32723692
0.33085427
0.31856376
0.3192257
0.32542396
0.31570685
0.30535558
0.33126348
0.33819678
0.34212765
0.3207494
0.33294746
0.31780335
0.31963316
0.34141022
0.33636054
0.3239552
0.312845
0.29083216
0.3080666
0.31745443
0.30953306
0.31241393
0.33388898
0.34236288
0.3256534
0.31934074
0.30636835
0.28749195
0.32433286
0.294995
0.28771514
0.29294258
