0.059807118
0.112298
0.16803895
0.16276312
0.14959121
0.18927984
0.21773414
0.18024826
0.2164609
0.25011203
0.2915928
0.25927442
0.24730761
0.29140264
0.26766652
0.2844382
0.2965929
0.27876905
0.28758556
0.30822542
0.3184049
0.3048492
0.32646257
0.32399738
0.29949695
0.30162942
0.2917029
0.2884969
0.30160165
0.29304418
0.31666508
0.29369706
0.31309992
0.30702737
0.31355447
0.29931268
0.32649443
0.32922497
0.3179135
0.29278326
0.30120653
0.31181344
0.32482663
0.2744996
0.31300429
0.31918636
0.31365594
0.32016847
0.28741238
0.30026788
0.31943214
0.28763214
0.3010435
0.26437613
0.22725216
0.274006
0.27172175
0.17951508
0.038987957
0.063112535
0.050622284
0.043453444
0.04792097
0.06448006
0.053209677
0.047194228
0.09530096
0.08490926
0.08453285
0.10837731
0.08484961
0.10718754
0.11389455
0.12763017
0.0868976
0.08095389
0.09485516
0.055033293
0.09088615
0.06786243
0.05072696
0.03021535
0.02525361
0.035908114
0.034190502
0.025811635
0.028787522
0.039060507
0.027057346
0.027379775
0.05378951
0.059684508
0.04875663
0.06313053
0.039803814
0.028324971
0.038224608
0.040923283
0.01944822
