0.1308653
0.05131
0.06105294
0.059252843
0.07878088
0.09828402
0.11078742
0.104216054
0.08639694
0.17012364
0.17805053
0.18844305
0.17550448
0.20787285
0.15121555
0.20148769
0.2422655
0.2036498
0.24152723
0.21579745
0.22070855
0.22637235
0.24796298
0.25253057
0.26594898
0.2717814
0.26635545
0.2606289
0.28406712
0.29104772
0.30722922
0.2495284
0.3059724
0.239125
0.29554173
0.24685812
0.2605684
0.30085772
0.30977952
0.29677522
0.25836945
0.29877028
0.27311695
0.30697477
0.29780445
0.31339028
0.3123713
0.2853653
0.31509855
0.3102105
0.30246034
0.28777796
0.28224316
0.29288423
0.273018
0.29372585
0.3195745
0.29973224
0.29555103
0.34475985
0.27414513
0.31334433
0.33387774
0.30728605
0.32047036
0.28625992
0.31420052
0.3071656
0.3014514
0.2963251
0.3120076
0.30982894
0.2807978
0.2904039
0.27969834
0.2505904
0.24716046
0.2959488
0.29196677
0.30940965
0.31180945
0.29106998
0.3132658
0.30008656
0.31849778
0.31356156
0.2864567
0.32532075
0.32047313
0.27841356
0.33523312
0.33338034
0.26117802
0.31245336
0.28907892
0.3364502
0.32893637
0.29996923
0.2756697
