0.05103293
0.08200073
0.10241802
0.10818163
0.1417989
0.15225345
0.17839807
0.17185193
0.1745409
0.19701108
0.19977392
0.20562151
0.19706419
0.19386071
0.18703246
0.16996956
0.06545257
0.05642898
0.06584087
0.070301965
0.08212252
0.061204433
0.052710712
0.038158167
0.032522954
0.053010993
0.031189777
0.02509661
0.025624357
0.038034238
0.03587238
0.025717737
0.0419348
0.036478147
0.03509856
0.028355122
0.018985035
0.03202085
0.0224422
0.020917434
0.032078188
0.024685252
0.03547376
0.022243282
0.026655214
0.015856855
0.027917607
0.0266658
0.022721285
0.033717677
0.027176412
0.02071158
0.016947107
0.035691056
0.029671986
0.02525653
0.02932106
0.024251532
0.017889673
0.028569736
0.025399964
0.021304004
0.018400582
0.035528623
0.026442152
0.022638533
0.028254095
0.022117447
0.026798364
0.024192818
0.014489227
0.026901009
0.017269706
0.016717777
0.020712996
0.0140258
0.023450993
0.01975864
0.021616308
0.018676884
0.02269089
0.022379413
0.009695957
0.029593432
0.018463789
0.016163712
0.013381853
0.027780259
0.011892895
0.012356499
0.021968987
0.033389278
0.024449043
0.014360603
0.023327094
0.01706867
0.017746655
0.019673247
0.013026721
