0.08483098
0.04988351
0.054330096
0.071129315
0.08507953
0.092007995
0.09995466
0.11085576
0.13985111
0.13326463
0.14351965
0.1445817
0.17850006
0.15530804
0.17730927
0.20082732
0.186579
0.19884944
0.15143004
0.19449167
0.18293841
0.22562139
0.21539433
0.21731797
0.23812856
0.24293086
0.23623432
0.22485481
0.25231677
0.23158157
0.23962045
0.22902684
0.24544702
0.23021878
0.22235788
0.25529814
0.23847762
0.24912925
0.23146977
0.22656
0.22288118
0.272084
0.25188166
0.22517422
0.25695416
0.26650354
0.24942438
0.2624877
0.2660579
0.245127
0.23444003
0.24282798
0.2728067
0.24869302
0.24736634
0.25273165
0.24616037
0.26094142
0.2582472
0.24604271
0.25140697
0.24524808
0.2379072
0.25087562
0.25525737
0.25724286
0.26196527
0.25525814
0.24191374
0.25670668
0.26038557
0.24918342
0.24425094
0.22858295
0.24782489
0.25554162
0.2731888
0.2301334
0.2599222
0.25670552
0.26526183
0.2625427
0.26005748
0.24529465
0.2523077
0.24158512
0.2598967
0.24074449
0.2576039
0.2345574
0.25455216
0.25217265
0.25618973
0.2593243
0.24173279
0.23697044
0.2534483
0.25431293
0.24672936
