0.050692905
0.051026724
0.053953465
0.061384767
0.08456148
0.079981364
0.092399925
0.09698493
0.15262009
0.1260412
0.17137882
0.16228807
0.1565186
0.16457534
0.20740734
0.1895798
0.16382286
0.16949067
0.2166423
0.20057158
0.24825904
0.21017992
0.23523211
0.22102621
0.22084332
0.24143554
0.25363293
0.24662098
0.23682891
0.26929522
0.31377718
0.30236214
0.30069605
0.26981306
0.2792976
0.27319273
0.32200086
0.30235934
0.31915575
0.28620535
0.30302617
0.2884887
0.30091354
0.30532855
0.2941341
0.30180323
0.29954794
0.30188537
0.29981294
0.28517213
0.31300727
0.2939457
0.31498072
0.29667
0.2995422
0.28571293
0.2986396
0.30303907
0.3257652
0.31759623
0.32982045
0.31736386
0.31257135
0.34025618
0.32848287
0.35750234
0.33036798
0.33045906
0.3260484
0.29208568
0.34440923
0.33389938
0.3308994
0.28775132
0.3042633
0.33119762
0.33933023
0.29835376
0.3288711
0.33489093
0.35777384
0.36205745
0.32527828
0.3483595
0.318119
0.31804538
0.33784884
0.3214084
0.326846
0.3271671
0.34535164
0.30814496
0.3199886
0.33523118
0.3334794
0.34524128
0.33632243
0.3621929
0.3073407
