0.045517042
0.085759066
0.07893131
0.11156916
0.16997726
0.0987056
0.17029816
0.13602135
0.16979942
0.16828133
0.17661573
0.15668313
0.20798664
0.20392343
0.20793167
0.14356287
0.2095359
0.2457811
0.21601188
0.2199105
0.24500631
0.22507831
0.26843968
0.2459173
0.25492004
0.24859563
0.2555228
0.24981663
0.28779525
0.27491936
0.26100883
0.28795
0.2857476
0.27242574
0.3017319
0.3128859
0.28591466
0.31154394
0.2818529
0.28946477
0.26950106
0.29958045
0.31641275
0.28851718
0.3169238
0.28443903
0.29406503
0.28602925
0.30580813
0.3224785
0.28069097
0.27430302
0.30565956
0.33048403
0.2846719
0.25275543
0.28083915
0.33872008
0.3029128
0.3520661
0.30403537
0.29990864
0.32239255
0.30199367
0.30152664
0.2988694
0.2789527
0.27464098
0.2628122
0.21993406
0.10998547
0.04709546
0.04648261
0.059861287
0.074372664
0.058844633
0.049550083
0.07543066
0.0741631
0.056975234
0.024633918
0.05918012
0.025265992
0.035916597
0.01744481
0.021695044
0.033672545
0.041504346
0.016693829
0.022349654
0.028302994
0.020363992
0.025095375
0.020242946
0.020840129
0.031839006
0.04279907
0.04253336
0.02233039
