0.06433427
0.142945
0.16166696
0.17405717
0.2016219
0.16534737
0.20814148
0.19406019
0.22136942
0.20835668
0.19506949
0.1840906
0.050866537
0.08693965
0.08487528
0.06948999
0.08260795
0.08827203
0.07090921
0.067068234
0.043148037
0.034968242
0.0533164
0.028287282
0.029881563
0.04103015
0.037302434
0.041745517
0.034040336
0.033619422
0.034667086
0.035975877
0.026983993
0.025370993
0.021332152
0.031840123
0.025369272
0.026933683
0.02596495
0.032391272
0.03607095
0.027032604
0.035875406
0.031039996
0.017705742
0.027708003
0.02531183
0.031965442
0.030328915
0.03259411
0.02150419
0.028541263
0.029488925
0.027341617
0.02607314
0.023668611
0.024590446
0.033203788
0.025411358
0.021028716
0.021262014
0.025999656
0.024087979
0.03525136
0.024690416
0.03742757
0.015310886
0.024163058
0.023045868
0.015390737
0.015981596
0.023962332
0.020375622
0.017306846
0.022516988
0.023290532
0.018271983
0.02480151
0.02870514
0.035574757
0.01931423
0.026613822
0.020899035
0.01946043
0.016168214
0.0149584925
0.012837423
0.020121029
0.024993164
0.022327393
0.018320024
0.017754443
0.010723899
0.019183239
0.013682933
0.010142131
0.014399473
0.010081767
0.0107976
