0.12705503
0.16706188
0.05971658
0.063300945
0.075379804
0.104027584
0.15781589
0.09092077
0.12981357
0.17880058
0.18186861
0.18009341
0.17638068
0.17561793
0.14570273
0.19686463
0.1757763
0.2014454
0.20484276
0.21692958
0.19721952
0.22818485
0.22581178
0.22406584
0.20023793
0.21812953
0.23098339
0.2086147
0.22455879
0.21208866
0.24742435
0.2425939
0.23094915
0.24531618
0.230304
0.23723981
0.24797504
0.22461633
0.20282774
0.21153945
0.2306756
0.21690376
0.24039926
0.25526965
0.2552522
0.23098813
0.24291764
0.23990993
0.24411297
0.26739603
0.2530372
0.2692069
0.23183452
0.24726214
0.25167736
0.25719598
0.22707236
0.26456478
0.24335606
0.26206934
0.26308286
0.24845442
0.23382272
0.25637028
0.25373796
0.26261353
0.26330835
0.25320765
0.2524062
0.25123176
0.24986182
0.24429148
0.22857545
0.23012671
0.2542372
0.23230684
0.24723071
0.27417457
0.24740198
0.2647674
0.23277575
0.25650412
0.25661469
0.26018965
0.23402725
0.24090563
0.24384226
0.26239052
0.2494101
0.24469411
0.24413994
0.24513745
0.2421598
0.25600496
0.24812473
0.24708004
0.23968208
0.23419528
0.26830652
