0.1375083
0.15945156
0.18901117
0.1917747
0.22284238
0.2237168
0.2138252
0.2023928
0.22396211
0.2217527
0.23955056
0.23143098
0.24235027
0.23589614
0.24080926
0.22600107
0.23146342
0.24445984
0.22942834
0.22535765
0.20246002
0.25485584
0.24300742
0.21273154
0.2106111
0.08962783
0.07351919
0.06614211
0.07851201
0.06294185
0.052986987
0.06876539
0.052092146
0.06265364
0.06503681
0.08848258
0.037916828
0.09825285
0.0775238
0.0706906
0.050679248
0.044518586
0.039895818
0.048713967
0.053523462
0.060882133
0.04336561
0.046398535
0.040654752
0.032384317
0.034860652
0.037485246
0.041000664
0.03810905
0.021974048
0.04828982
0.04238474
0.042678993
0.043760594
0.044108775
0.041213453
0.034074564
0.023764396
0.02618917
0.03888963
0.03880018
0.03654482
0.038635794
0.02371716
0.04526239
0.03252226
0.050849386
0.043839388
0.02565434
0.031334452
0.02537213
0.042126413
0.031603273
0.035301115
0.035158526
0.03272798
0.029318059
0.02183381
0.030733634
0.042739045
0.029668162
0.036469825
0.020469626
0.02467169
0.021695197
0.018401792
0.030554341
0.03199583
0.022393303
0.029070076
0.033784583
0.02569746
0.029171472
0.037207358
