0.13740881
0.19609113
0.22981659
0.26311487
0.24534915
0.2332139
0.22257344
0.2547682
0.27564767
0.2560141
0.23621581
0.27238452
0.26068452
0.24674766
0.28120077
0.31309515
0.28642827
0.2860237
0.28134757
0.27045926
0.25321394
0.273618
0.30806515
0.29171726
0.2604341
0.24714643
0.060737316
0.05274592
0.071564235
0.07508415
0.062261797
0.057920635
0.07207951
0.054317743
0.0585572
0.06496207
0.039713643
0.038785435
0.055250987
0.039479062
0.065491855
0.076645516
0.06369961
0.05176702
0.05208206
0.050232314
0.042885985
0.083518125
0.11382655
0.08198416
0.079984665
0.11673252
0.15351748
0.13605729
0.13262124
0.14249253
0.15625186
0.15295562
0.09293404
0.08046589
0.044698175
0.047836117
0.06405575
0.038940746
0.045183312
0.05497028
0.041698437
0.052395575
0.03343878
0.07448435
0.04683103
0.023887228
0.039377987
0.030538512
0.025795754
0.0460974
0.04059394
0.033711806
0.018728085
0.027246164
0.036487803
0.033032242
0.02868478
0.024812197
0.03673642
0.034015685
0.033845842
0.046977457
0.02965511
0.023477033
0.026165884
0.021258563
0.030877525
0.028130868
0.024642378
0.039123766
0.053403158
0.026428334
0.03773457
