0.10716789
0.11119638
0.09513416
0.038764063
0.05500713
0.03021601
0.039018936
0.044199448
0.020838965
0.028887482
0.021973373
0.03300129
0.020168465
0.013701941
0.021534843
0.03326939
0.015710363
0.01795003
0.015913764
0.022839475
0.018671468
0.015106099
0.01725653
0.021166384
0.020236732
0.015831951
0.019988107
0.01637004
0.018720817
0.014420476
0.01458053
0.019056557
0.0135062905
0.016186722
0.014522191
0.011862611
0.023607152
0.0143258255
0.012663472
0.010427445
0.014077376
0.012891924
0.012220674
0.02185896
0.013774853
0.014097299
0.016109966
0.017174968
0.022037575
0.010395632
0.013514071
0.015086013
0.013985463
0.0115172025
0.01359957
0.0109252855
0.013412303
0.010787287
0.016474238
0.013053993
0.01606354
0.014704396
0.0088314125
0.007814954
0.0107803
0.011493435
0.013943737
0.008512153
0.017266031
0.014706952
0.017140388
0.014643511
0.009639376
0.008679866
0.008520481
0.012192326
0.010066928
0.008693479
0.016653046
0.012607229
0.013339619
0.009211831
0.014991284
0.009319125
0.006911505
0.014325056
0.008754826
0.013130675
0.008677298
0.009691479
0.0102302
0.011161109
0.013677862
0.012802072
0.007835804
0.013958855
0.007783969
0.006814597
0.007550301
