0.14250343
0.04822279
0.049266405
0.086286895
0.09270691
0.12961371
0.14993012
0.19131239
0.14494836
0.17801133
0.23424508
0.18855326
0.22263809
0.24903235
0.20071633
0.24102324
0.27006668
0.21966243
0.2659605
0.28389555
0.2606681
0.26376513
0.27588093
0.28935483
0.2733075
0.25491905
0.2924287
0.28779903
0.2536032
0.3054037
0.33188444
0.32501122
0.3065116
0.3233952
0.3015704
0.3276567
0.2732972
0.27315548
0.32270437
0.30307198
0.27910686
0.2994028
0.3259688
0.31043258
0.2992652
0.29589882
0.3269597
0.28773063
0.3052616
0.32202682
0.33576253
0.3127751
0.29235524
0.30822775
0.31803235
0.3246248
0.32842985
0.30903456
0.2945774
0.29988602
0.30483878
0.33063555
0.33580822
0.34100476
0.34731477
0.32100096
0.28065446
0.31112406
0.31397656
0.27605203
0.2667489
0.3312975
0.30623573
0.19952902
0.055930838
0.04723191
0.055749092
0.042732086
0.051102392
0.06337766
0.056825146
0.04514422
0.061612457
0.07161076
0.09820167
0.06442096
0.04739672
0.040190503
0.03802407
0.041631613
0.0601713
0.036240384
0.022420805
0.06818018
0.031089043
0.032843273
0.02028851
0.018910592
0.016386565
