0.12693982
0.19900791
0.1176429
0.12394056
0.11557753
0.123621255
0.06456071
0.056811783
0.043490466
0.039683465
0.034453087
0.04491361
0.0292203
0.04143859
0.027354639
0.0229408
0.032295756
0.029523427
0.029444883
0.03386241
0.022685405
0.030905178
0.016802529
0.028825467
0.036719617
0.01706757
0.02111787
0.013717719
0.026369274
0.030050527
0.0154812
0.018470712
0.018204186
0.028336512
0.029976811
0.038106665
0.01820768
0.020610306
0.027822766
0.018151756
0.012484803
0.02199225
0.013012148
0.01639747
0.012133176
0.018398868
0.014408045
0.022538427
0.017403385
0.013234423
0.021060923
0.021798434
0.022838226
0.017545337
0.027170606
0.018427946
0.018839836
0.016084647
0.012924507
0.0073412135
0.023482071
0.012827254
0.013424423
0.0071230745
0.01828059
0.018403156
0.018224152
0.017742425
0.017730156
0.009825685
0.011404362
0.013151255
0.01604704
0.0141485315
0.008887832
0.015353164
0.028785054
0.009174227
0.013957854
0.014963247
0.015616364
0.01375585
0.01167467
0.020112105
0.015578827
0.012199852
0.0084837815
0.014344751
0.009683639
0.010755662
0.010641042
0.013705367
0.01370791
0.018783305
0.01898256
0.007105944
0.00830571
0.009680194
0.009620131
