0.057368677
0.045784462
0.051229678
0.044793718
0.06845358
0.08362739
0.07198879
0.09134152
0.1303496
0.1366331
0.12736858
0.13909915
0.113990545
0.14426257
0.16717349
0.16972846
0.1735836
0.16185872
0.16787416
0.16614366
0.20174332
0.21962425
0.2089085
0.1740461
0.22108471
0.20762835
0.19294254
0.20852937
0.21652067
0.22094709
0.20820329
0.22786562
0.23283966
0.21502288
0.20768493
0.22269152
0.23235455
0.23512372
0.21897724
0.24984215
0.23001881
0.233424
0.22956255
0.2117821
0.22511986
0.2277772
0.2357926
0.24416712
0.25927123
0.21646045
0.24293937
0.24406633
0.2516048
0.2245585
0.26164004
0.25698465
0.2122779
0.24678308
0.23166178
0.23291203
0.24472418
0.2587015
0.24698152
0.27252203
0.2615788
0.23504035
0.2556309
0.25154674
0.23228346
0.23881087
0.237743
0.2378872
0.24079458
0.25092548
0.233053
0.22787328
0.25582734
0.25046453
0.23831849
0.24234404
0.25596032
0.23730242
0.25492665
0.25330055
0.2500781
0.25126204
0.24985078
0.24581288
0.26836085
0.25384784
0.24804385
0.24782862
0.26521212
0.23826897
0.2390032
0.23086077
0.2552206
0.24011552
0.24571137
