0.18428943
0.115952656
0.070233464
0.06962557
0.07324671
0.08826112
0.100471206
0.11641918
0.11605664
0.11275785
0.10648585
0.14419183
0.153324
0.1146257
0.18344519
0.17829277
0.17805716
0.2042168
0.18070818
0.174348
0.17007396
0.22182761
0.19643141
0.19287038
0.17609707
0.20018898
0.23043542
0.20240939
0.20538528
0.21305059
0.23731802
0.23839115
0.20028831
0.2403602
0.22640307
0.23405442
0.22460748
0.24952656
0.24825527
0.24116103
0.24455045
0.2402352
0.23957801
0.2706434
0.19680172
0.22124596
0.23303235
0.24001469
0.22731401
0.23665518
0.2608631
0.2490005
0.24326313
0.24123982
0.22890833
0.24256465
0.22297731
0.22670206
0.2412829
0.2359571
0.24518222
0.2429936
0.26549977
0.25678352
0.24601592
0.24850328
0.24644785
0.24558395
0.25558728
0.26538855
0.2230774
0.24487083
0.23997933
0.24967472
0.26278043
0.2605375
0.27096385
0.25074482
0.24833395
0.25295892
0.24489304
0.25913557
0.25702524
0.25082052
0.24708341
0.2434023
0.26348975
0.26107398
0.2463201
0.24357699
0.26700664
0.25707477
0.2534104
0.24974053
0.25622204
0.25629076
0.25038838
0.24951205
0.25346306
