0.064057425
0.06409431
0.07740967
0.07103431
0.11502917
0.104433954
0.10141627
0.1619796
0.14060572
0.14727107
0.17490302
0.16982386
0.16559897
0.16285504
0.20274235
0.20289001
0.24275514
0.20937204
0.21868171
0.19346358
0.19671237
0.21627389
0.21713346
0.09265631
0.04672146
0.055522617
0.059146985
0.07132601
0.078005075
0.094430365
0.09608787
0.09887101
0.05656032
0.062148463
0.04110524
0.03666663
0.034816194
0.02442609
0.05030923
0.035117473
0.029225012
0.02412474
0.035561807
0.039442513
0.036804285
0.03910958
0.028478142
0.026301006
0.02643423
0.027656216
0.033811245
0.026669104
0.02965272
0.02792279
0.024637984
0.033172354
0.024124382
0.036659814
0.038176645
0.026059838
0.03254914
0.015958168
0.02799201
0.033255666
0.028270496
0.029872308
0.02248578
0.028983906
0.030492047
0.016172374
0.03579463
0.03558698
0.02349549
0.02094368
0.038239893
0.020800889
0.02310101
0.02068007
0.016753377
0.030426452
0.029134255
0.020165319
0.024536006
0.029287634
0.023444312
0.022997761
0.017843597
0.033300374
0.019561341
0.024121735
0.025574638
0.019455522
0.0144511685
0.026842473
0.026776513
0.02106277
0.028800163
0.020175572
0.024069905
