0.0943619
0.15452929
0.23489633
0.264702
0.2496223
0.24606416
0.27892882
0.31624413
0.3246125
0.29029027
0.11024389
0.13509373
0.11466099
0.08126189
0.05637104
0.033564184
0.04222662
0.046798207
0.031808134
0.031221753
0.018836442
0.023059204
0.022955947
0.031515956
0.037065737
0.023300722
0.014366177
0.023035321
0.027515266
0.017867377
0.021911839
0.021545025
0.022848519
0.02414849
0.019391077
0.016018152
0.022114309
0.018355936
0.02151695
0.023544878
0.017049978
0.014905514
0.021885142
0.022377925
0.023715865
0.027310655
0.013083174
0.029885102
0.020908816
0.024302986
0.017074758
0.017905882
0.049765658
0.04292271
0.021287652
0.020735625
0.02065971
0.02267574
0.01632332
0.026264342
0.019776532
0.013798484
0.0166995
0.020643823
0.018711975
0.01467301
0.014438256
0.019185178
0.016354036
0.016952058
0.014025924
0.014473162
0.0132575575
0.019635636
0.013828359
0.017918956
0.022716675
0.01317151
0.01436861
0.016848555
0.014705728
0.016743198
0.018180983
0.017924717
0.019263433
0.017481616
0.01817923
0.01591922
0.023692572
0.015936967
0.01188462
0.014936748
0.015177109
0.013316969
0.018173805
0.017398372
0.020103099
0.015347153
0.012822
