0.14299272
0.093430586
0.063264444
0.09984709
0.06675262
0.09775879
0.09893949
0.07955126
0.11174953
0.13691188
0.13836662
0.1638659
0.15667361
0.19548777
0.19649133
0.1522142
0.19833945
0.22264531
0.16220152
0.23562089
0.1891969
0.22882503
0.2611706
0.22327118
0.26373473
0.21741453
0.2502883
0.31289276
0.24020094
0.31088322
0.30518466
0.2985385
0.2671641
0.27371645
0.28671342
0.260157
0.3047608
0.31897673
0.32166186
0.30807212
0.29964855
0.3027046
0.3061647
0.32706928
0.29715392
0.2895533
0.3211799
0.30631077
0.29818794
0.29359698
0.30834046
0.33209726
0.33922312
0.32906082
0.3328559
0.34537044
0.29042712
0.34334132
0.29151663
0.33986282
0.33621228
0.32816288
0.29834932
0.30542442
0.32718077
0.35055178
0.328835
0.3282057
0.29788154
0.34102687
0.32397142
0.32143202
0.3159689
0.32416347
0.3281538
0.31778482
0.31834552
0.32743058
0.320966
0.31570417
0.3260279
0.3321252
0.34414312
0.343221
0.34689558
0.3634561
0.3309549
0.33458596
0.34446067
0.34479594
0.348815
0.34006324
0.33085164
0.340911
0.32419497
0.33627325
0.3085676
0.32318667
0.34101644
