0.18029006
0.12260068
0.04559254
0.05335461
0.045223016
0.09707226
0.16406359
0.09699463
0.10918175
0.15098509
0.20993726
0.20902522
0.1688697
0.16814163
0.15752684
0.21522215
0.20613956
0.2421889
0.22075309
0.24381866
0.23507038
0.23917231
0.25252107
0.26878637
0.23934355
0.24886037
0.25339413
0.25948945
0.28612867
0.2717674
0.2544276
0.26763266
0.24716964
0.30661878
0.32114232
0.2742313
0.3056062
0.29171327
0.32812512
0.30700266
0.2789869
0.2927251
0.304754
0.31915268
0.32252797
0.31761882
0.2990092
0.32174572
0.30142406
0.30980358
0.29895613
0.30587664
0.29731965
0.27037534
0.2671068
0.30109262
0.30418372
0.30595142
0.24879745
0.276443
0.2541247
0.082663886
0.047827613
0.06868952
0.057631124
0.048212245
0.060109686
0.06989538
0.060434844
0.066144526
0.06718079
0.05636042
0.04537763
0.08915027
0.05888395
0.057345055
0.043862287
0.06109916
0.061600626
0.06179032
0.0424253
0.021559112
0.034896407
0.038239352
0.035138506
0.015666261
0.023284404
0.03084812
0.04275538
0.03027061
0.02798077
0.026741931
0.023454707
0.03382061
0.023856852
0.036078297
0.021770986
0.030062933
0.027200803
