0.054715518
0.061778508
0.084208116
0.120357424
0.1374446
0.12279486
0.13728736
0.15862389
0.17479894
0.13589847
0.19399278
0.22777723
0.19651517
0.18679905
0.20276943
0.2206361
0.21317004
0.20843235
0.20623562
0.20126331
0.23429355
0.23646311
0.22757882
0.22824366
0.2301838
0.24830368
0.22402735
0.2164388
0.23700902
0.26271337
0.22950861
0.2475149
0.22881113
0.23701394
0.22425783
0.22580263
0.18050049
0.06014944
0.08714603
0.054172583
0.040509425
0.06765085
0.065523334
0.045429938
0.029692218
0.042752218
0.047023755
0.032557216
0.03624736
0.04855425
0.037042513
0.029086286
0.041159775
0.023177462
0.02507251
0.038825113
0.029220894
0.037011288
0.044828035
0.038329877
0.04413729
0.027838107
0.021553801
0.031261303
0.02618709
0.026638841
0.0266177
0.034875613
0.02205364
0.03185892
0.029224653
0.043836437
0.025393462
0.026097665
0.025237
0.02666668
0.033751868
0.03592671
0.035797335
0.021923251
0.04260013
0.029693298
0.024024712
0.021662716
0.041900806
0.023192838
0.024656897
0.02575445
0.0251907
0.021571185
0.030015204
0.023000322
0.018681431
0.01878765
0.027244352
0.022577114
0.022767406
0.019794751
0.016169647
