0.043066807
0.07152746
0.038859047
0.097829744
0.16899495
0.130649
0.15715213
0.15108281
0.14937045
0.1875309
0.16054587
0.23367576
0.21293555
0.18630688
0.20833375
0.22064543
0.2629548
0.25409812
0.23266412
0.24078792
0.26542452
0.274514
0.27221966
0.24728984
0.2982193
0.23755398
0.2935474
0.2771541
0.29192397
0.2815864
0.29705456
0.29033878
0.28544423
0.29869568
0.28008685
0.27991518
0.2609809
0.2941303
0.3006442
0.2822604
0.2812159
0.28446195
0.29386398
0.29318383
0.2929168
0.29086342
0.30571657
0.28325084
0.2661819
0.09610381
0.0457332
0.04587963
0.056653406
0.045990605
0.06018914
0.066090785
0.0654475
0.045602344
0.050426506
0.07567024
0.07692121
0.039984677
0.046392433
0.032046422
0.033709724
0.024762062
0.027649945
0.01727277
0.016581418
0.025508028
0.03022025
0.024739865
0.028509965
0.024704322
0.03746612
0.04657038
0.03544541
0.047176026
0.016217642
0.015907899
0.016956728
0.010626485
0.03458182
0.02576485
0.03754974
0.032771796
0.029193608
0.016445737
0.033231597
0.031517204
0.01879807
0.03483314
0.013086439
0.015876262
0.03355353
0.03694741
0.040786173
0.02699156
0.010532732
