0.074879535
0.120599456
0.18313585
0.19854863
0.15770575
0.22018054
0.19995257
0.2831335
0.2550191
0.2933121
0.2800333
0.26121527
0.3076281
0.30102706
0.3133125
0.29038975
0.31909075
0.3308317
0.3532089
0.3237562
0.33133325
0.3343225
0.33176905
0.36617097
0.3585957
0.3508496
0.35911813
0.36470398
0.3489832
0.35598823
0.21142834
0.101802364
0.09952842
0.07479659
0.06200078
0.037706487
0.039768465
0.02685161
0.03015147
0.027892888
0.045718506
0.024579873
0.028554296
0.025361137
0.027047286
0.02409495
0.015231594
0.022631152
0.027513066
0.03140967
0.027599275
0.018558037
0.026649116
0.026615502
0.022705328
0.017040597
0.026429215
0.018118456
0.019336922
0.025763808
0.01908467
0.017094081
0.022168748
0.018937942
0.021022258
0.015362889
0.018918464
0.020541506
0.019692596
0.015389645
0.026327869
0.019731581
0.02743608
0.013192736
0.024113914
0.016778804
0.022255464
0.02180893
0.015278201
0.021156799
0.018625092
0.013115213
0.026972257
0.018715056
0.01790604
0.01637219
0.015101865
0.015481958
0.018593328
0.024226706
0.015752561
0.021956768
0.012172098
0.02718736
0.017867899
0.018155102
0.01707317
0.018263176
0.0242773
