0.05209832
0.059456788
0.09025574
0.13549133
0.111451134
0.17457414
0.17154717
0.1599679
0.18921426
0.17467275
0.16842464
0.16537015
0.19226456
0.23017552
0.17383805
0.20183897
0.24299803
0.19470726
0.22950993
0.25254327
0.22279847
0.21098858
0.22650811
0.22137661
0.23380208
0.23046234
0.2441227
0.21792774
0.2291392
0.20466162
0.2514517
0.23045439
0.22011459
0.22791407
0.2247739
0.23101027
0.21120329
0.21328531
0.21861698
0.23926076
0.22466019
0.2602517
0.2166162
0.22460887
0.20798077
0.22368658
0.2432838
0.2297539
0.21907657
0.17979538
0.03782933
0.05599424
0.056559287
0.047964755
0.047989193
0.06433567
0.046426024
0.041713867
0.032340307
0.0318632
0.035733588
0.03635183
0.0362748
0.0203419
0.023320813
0.019668477
0.035035867
0.023399733
0.03067088
0.024840454
0.029058358
0.030057512
0.03525318
0.024779536
0.025896886
0.032912873
0.044204872
0.03930429
0.04699334
0.027259273
0.027633484
0.018435912
0.0323476
0.03703732
0.023073422
0.04757522
0.021576988
0.02725386
0.021978283
0.03394564
0.03715394
0.02592112
0.048712153
0.031167459
0.024889834
0.02047249
0.024286693
0.02623844
0.023833703
