0.09200477
0.11567257
0.16379699
0.18910098
0.19077913
0.2105116
0.1982593
0.20116413
0.20594089
0.2280384
0.21587574
0.22480905
0.2095055
0.24945025
0.2271036
0.23008619
0.24017826
0.21369739
0.24255285
0.24487013
0.24928445
0.22953737
0.21644714
0.24436381
0.21273187
0.24880862
0.237899
0.22031078
0.2452284
0.23129046
0.22896856
0.17906986
0.21632344
0.2264195
0.22363053
0.23581006
0.23203939
0.22250438
0.20125845
0.096919864
0.044765316
0.07068426
0.049865406
0.04875438
0.06258095
0.04770506
0.03320733
0.050769255
0.0714832
0.047424536
0.04724977
0.040716592
0.039620247
0.038383134
0.035948984
0.045175128
0.033080474
0.021765986
0.025611702
0.03170874
0.033403903
0.037211157
0.04713361
0.04385971
0.025798857
0.046715584
0.037440833
0.037028838
0.023174867
0.028662995
0.02500951
0.03661284
0.037849147
0.029605074
0.043335818
0.030220443
0.024405824
0.04231293
0.036095224
0.036022812
0.038382575
0.030163907
0.029895071
0.026563782
0.03059526
0.027758451
0.03355023
0.023714377
0.040704258
0.02969128
0.025188647
0.02450806
0.029610556
0.030468171
0.029015915
0.024572587
0.023879945
0.027096085
0.028326882
