0.052435353
0.05522767
0.05406942
0.0751254
0.09318534
0.0676246
0.11369412
0.09477217
0.13695382
0.11496873
0.10527199
0.14861934
0.12849194
0.17211068
0.15910788
0.17265826
0.19241066
0.17859414
0.19342482
0.1820625
0.21989684
0.198489
0.19110143
0.17811558
0.22459824
0.22084014
0.19490372
0.21175079
0.2068585
0.23179896
0.23435912
0.21228638
0.2177246
0.24096762
0.2357807
0.21293105
0.23236449
0.21829297
0.20334089
0.2423786
0.21658707
0.25135913
0.22212337
0.22034535
0.24462241
0.20450602
0.25262702
0.22714943
0.23213811
0.23909105
0.25363788
0.2366964
0.25002295
0.2621481
0.23529655
0.24499877
0.24586499
0.25882238
0.20457849
0.23905706
0.19961612
0.2412344
0.21864599
0.14361961
0.045471955
0.052242585
0.07696363
0.06874335
0.0538446
0.04996979
0.05148702
0.06194689
0.0479346
0.05342088
0.042884108
0.031347137
0.038475975
0.025487993
0.035914347
0.0296194
0.062387887
0.030079577
0.035933923
0.053412784
0.042994678
0.049190283
0.050219383
0.034553736
0.027104631
0.042543296
0.043656886
0.02909179
0.029815027
0.032761957
0.02685734
0.032490052
0.021507172
0.033166755
0.029719412
