0.051583715
0.063899085
0.059128072
0.09065813
0.09927324
0.097286984
0.11827238
0.16539533
0.15231869
0.14452142
0.1549668
0.18936747
0.17631535
0.17206769
0.20429167
0.19844274
0.18446814
0.19246358
0.20060185
0.21877927
0.20263037
0.22615384
0.20939551
0.21943936
0.21415888
0.24158408
0.22739223
0.2366496
0.24736921
0.24842936
0.22737922
0.25181863
0.22833519
0.22324581
0.25378835
0.22756188
0.24778181
0.24564989
0.2696078
0.2550581
0.23058741
0.23641644
0.22514486
0.24009855
0.22600503
0.24668169
0.24439026
0.23699391
0.24237794
0.25508028
0.26732796
0.24379376
0.2450234
0.261384
0.2569704
0.26094222
0.24851899
0.24278964
0.23624131
0.25763947
0.2631902
0.24225153
0.25443467
0.23029567
0.26528007
0.2501047
0.2152891
0.25434655
0.24044201
0.24742936
0.25440973
0.25674486
0.2428112
0.2631509
0.24408841
0.26084676
0.25701335
0.24394444
0.2619716
0.24969462
0.2591365
0.24240914
0.23318933
0.25447914
0.24734996
0.2534764
0.2370323
0.24232927
0.25631365
0.2721922
0.2646098
0.24561022
0.2540566
0.24490473
0.22603223
0.25650522
0.24891852
0.22896333
0.25317174
