0.051766943
0.09923708
0.11591247
0.15799601
0.1738283
0.1415331
0.16157503
0.14407894
0.20182991
0.1907929
0.184794
0.18809448
0.18815668
0.21069017
0.21685876
0.22425272
0.19025771
0.20983241
0.21066393
0.2234661
0.23201557
0.2119959
0.23829977
0.23857692
0.22193478
0.18774037
0.23707959
0.22854115
0.2307052
0.2143239
0.25678828
0.23976731
0.23722906
0.23589732
0.23102503
0.23616774
0.25259322
0.25963855
0.25156152
0.23302315
0.23944938
0.24810237
0.23787135
0.23112041
0.26236606
0.24033009
0.22888145
0.2522572
0.22547945
0.24927959
0.25503075
0.23344636
0.22078367
0.22537942
0.23280407
0.21746106
0.24227168
0.22171345
0.24587674
0.2314256
0.21672532
0.22106546
0.24018759
0.22527958
0.20491044
0.23404692
0.23169495
0.20763062
0.2203739
0.18682103
0.08331061
0.052904397
0.061119027
0.08121299
0.06180461
0.06037222
0.04879286
0.05835319
0.061742384
0.06141518
0.065116055
0.06906981
0.073911555
0.05461304
0.09943278
0.080674805
0.0942284
0.10281196
0.13652614
0.14938706
0.1431954
0.14381526
0.11544092
0.070782155
0.062287394
0.048545282
0.044321667
0.04139338
0.07302635
