0.06962652
0.03826667
0.09957891
0.09131407
0.12263708
0.06974385
0.068162784
0.04123261
0.04469563
0.0253927
0.024144094
0.030727603
0.030007267
0.02639516
0.019881662
0.019711081
0.024295129
0.021153467
0.02005306
0.01781763
0.02037831
0.021057881
0.01839675
0.014095122
0.019867979
0.014403559
0.0176097
0.033135697
0.019403717
0.018954003
0.020089498
0.013149524
0.017491104
0.013614333
0.017498018
0.013503757
0.014370225
0.013788181
0.017769841
0.012974587
0.015333611
0.016580585
0.016097207
0.016606806
0.014979908
0.012485636
0.013046849
0.015714174
0.01721905
0.011959208
0.01660925
0.016269011
0.009807013
0.0118122045
0.011553189
0.013336343
0.011109195
0.017915446
0.010983297
0.013013841
0.016623992
0.0139316255
0.014163625
0.013739099
0.007841215
0.017725296
0.022211451
0.014811468
0.014288351
0.015962563
0.01492104
0.0104474
0.013379487
0.01673311
0.016973345
0.013072393
0.012242534
0.010682814
0.01777757
0.013930933
0.01234366
0.011075947
0.014036946
0.019127121
0.0111083
0.015366281
0.015388799
0.00905662
0.009262852
0.014957322
0.014093894
0.012358495
0.013440285
0.008360829
0.014101216
0.01002531
0.0103164
0.019795032
0.0117287375
