0.11032506
0.101287715
0.16281332
0.21835762
0.2525791
0.24859813
0.27927816
0.32155937
0.2831945
0.3415613
0.3430606
0.33421254
0.3561046
0.353386
0.34513727
0.3527984
0.35410193
0.3578825
0.35745007
0.36719528
0.3669745
0.36522532
0.35787708
0.36127108
0.3652633
0.3588794
0.36442718
0.36209655
0.36026663
0.12800607
0.08484018
0.059339464
0.05265171
0.045430135
0.042676717
0.06363059
0.022677803
0.02961338
0.031274136
0.021159722
0.03872929
0.017597469
0.034926612
0.029327597
0.024367154
0.023656534
0.023303745
0.0690605
0.031239934
0.024871446
0.015122443
0.03402899
0.019729229
0.019563656
0.024610855
0.029156467
0.025786161
0.015461817
0.024814337
0.027448455
0.018409397
0.020348426
0.009506304
0.019336816
0.01640908
0.022248942
0.017135652
0.020781254
0.014519287
0.023793476
0.012805852
0.03542187
0.015901515
0.015687672
0.016778383
0.016618717
0.027055535
0.016608099
0.017956814
0.015841756
0.016108993
0.02482275
0.024001226
0.023100218
0.014518391
0.013423618
0.013527894
0.011470047
0.01635032
0.013603759
0.01163345
0.026718255
0.016364979
0.012888343
0.024023527
0.009773134
0.01769612
0.018867545
0.010045032
