0.09361217
0.15038726
0.21661182
0.1912974
0.23013598
0.23807432
0.23248109
0.25796005
0.24913451
0.25930914
0.26196262
0.26127416
0.26317838
0.2534175
0.1505808
0.080358155
0.049770474
0.047254987
0.038955905
0.0507184
0.037171192
0.02944753
0.03609613
0.03650737
0.035068065
0.024875117
0.02115983
0.019998265
0.02615666
0.028185802
0.014931465
0.020993587
0.02362247
0.02633134
0.0150999045
0.027340345
0.019716254
0.013752401
0.023951674
0.021222811
0.02531103
0.015364593
0.016162246
0.02266353
0.016845766
0.013455257
0.0211969
0.013458311
0.019222695
0.02136142
0.015912205
0.018292435
0.011989377
0.015457544
0.018689636
0.015774034
0.025582308
0.02012194
0.015917307
0.015185649
0.02256451
0.014993885
0.018290231
0.026305014
0.012578119
0.013447703
0.01472911
0.012238955
0.019822933
0.020573698
0.016761588
0.010693524
0.019067965
0.01798468
0.00855106
0.012009639
0.013598845
0.016432071
0.012449691
0.0096539445
0.015131144
0.023239287
0.0152400425
0.017280884
0.0122562405
0.013719966
0.008755168
0.015535601
0.009302725
0.022557508
0.02304635
0.015180786
0.008109926
0.013663828
0.019448526
0.011930755
0.011359324
0.013168523
0.009602696
