0.14206967
0.066822305
0.056527037
0.07479829
0.12421619
0.10458501
0.12551917
0.14230986
0.15170215
0.15814495
0.14636658
0.1554322
0.17484863
0.20744951
0.19174156
0.21221232
0.21373294
0.23557284
0.23233798
0.23602566
0.21894583
0.21724677
0.22032686
0.24395697
0.23419942
0.20702168
0.20706695
0.21265608
0.24609841
0.23925304
0.25809273
0.24248736
0.21966559
0.2518108
0.22289088
0.23314391
0.21725753
0.11130774
0.033628333
0.048574023
0.065601856
0.059552982
0.0485013
0.04564255
0.039226633
0.03795535
0.026932316
0.029885553
0.035939153
0.024351422
0.029322468
0.034794852
0.038101204
0.029119218
0.032438286
0.030388214
0.0364173
0.037664134
0.031221012
0.03240665
0.025605798
0.019886587
0.029033037
0.02757819
0.026141975
0.03234474
0.023771057
0.03370222
0.025212081
0.024791947
0.029716255
0.030268049
0.029811678
0.038945157
0.025009511
0.027086793
0.037289433
0.027854787
0.023789326
0.027181156
0.038271826
0.030760307
0.028771974
0.02905249
0.02154108
0.033203937
0.024711521
0.026227316
0.02752557
0.024200533
0.017511047
0.034367055
0.023896992
0.024508364
0.021187065
0.037957042
0.030380249
0.021289608
0.01695359
