0.056875415
0.24871372
0.300592
0.30592898
0.074879535
0.11334508
0.12560597
0.03820498
0.06359698
0.041134574
0.031091206
0.034013253
0.023428693
0.036462646
0.024523905
0.018840864
0.026440386
0.017563574
0.017800942
0.022219248
0.028372603
0.020387152
0.017265225
0.014391127
0.028040836
0.013420737
0.025770012
0.023658909
0.028718576
0.013703466
0.014132229
0.026302705
0.015818179
0.013440835
0.022453357
0.011870953
0.037296765
0.012668236
0.016867002
0.01331021
0.02299003
0.014318379
0.020313473
0.017987303
0.023829028
0.012747359
0.01638446
0.0160234
0.02285805
0.013487394
0.0104969265
0.017223038
0.024991376
0.024622923
0.015600335
0.016317008
0.011148519
0.01193293
0.020170094
0.010915727
0.0149277635
0.016998768
0.01461436
0.014755213
0.019134734
0.008617111
0.01729663
0.01860958
0.00909998
0.0073692775
0.013766243
0.009513107
0.011069733
0.010735581
0.013133413
0.014837847
0.010601526
0.008165856
0.014969765
0.0062852926
0.013306013
0.012600968
0.009892189
0.014009928
0.016315086
0.0092081195
0.010347082
0.012488269
0.014432693
0.010650799
0.01220757
0.010741611
0.007602505
0.0107969325
0.0074678147
0.013580947
0.011632317
0.0067534684
0.0071953237
