0.14535746
0.06289247
0.06997605
0.10155874
0.10827845
0.10586824
0.1455322
0.15500596
0.16949295
0.19588336
0.18927015
0.20813407
0.18706232
0.21072422
0.2359918
0.2417063
0.2024878
0.22471224
0.21002458
0.23469782
0.23849525
0.2524692
0.25156862
0.23183899
0.24989511
0.24549931
0.25639802
0.23934193
0.23001829
0.23724352
0.25333497
0.26490825
0.22981009
0.23657858
0.2589497
0.23194902
0.2396979
0.25241262
0.25354734
0.26912376
0.24971916
0.2361943
0.25045565
0.24316816
0.25787792
0.2580192
0.24768966
0.24631344
0.2637254
0.26604307
0.24630825
0.24791428
0.2657437
0.26787016
0.23644586
0.23465127
0.2531207
0.23601317
0.24473958
0.25790134
0.23397428
0.22787859
0.26117817
0.25723046
0.274338
0.25323522
0.25612146
0.25322488
0.24802798
0.25454637
0.26357895
0.24492417
0.25652796
0.22684051
0.26600096
0.25878578
0.26026738
0.25082475
0.25462818
0.2513336
0.25594693
0.25839454
0.25383332
0.2281011
0.22066207
0.2436328
0.25549364
0.25703424
0.2507242
0.23607805
0.20754522
0.24269159
0.18860748
0.067659944
0.056442834
0.061089803
0.061398804
0.05280644
0.06264035
