0.047684498
0.11144262
0.21616
0.22337998
0.2502342
0.28703195
0.31513187
0.29145524
0.30513698
0.31407627
0.3116152
0.33226782
0.32494673
0.367016
0.31107107
0.28799948
0.13300936
0.11996035
0.09840608
0.061176434
0.06175469
0.043427236
0.057642248
0.033190753
0.044038206
0.027969224
0.0331355
0.03300487
0.02487718
0.034682777
0.027230242
0.024688689
0.027976124
0.020742094
0.019497314
0.01981803
0.01691711
0.018221669
0.02113311
0.03159818
0.014705203
0.01792312
0.019551804
0.019009277
0.019779494
0.019354701
0.020384818
0.012793477
0.017857743
0.034721214
0.030621061
0.020501785
0.012906877
0.026590727
0.015519661
0.021069828
0.024013096
0.015167487
0.014336482
0.013900575
0.016806006
0.018788863
0.017191304
0.020610215
0.015974019
0.02003296
0.014777798
0.015426299
0.0131348865
0.015075773
0.016420316
0.013628235
0.019381642
0.012855303
0.01240186
0.01731442
0.015105746
0.016178392
0.021359133
0.017286474
0.011680167
0.014905493
0.012631172
0.019488454
0.017162602
0.011613157
0.012166248
0.01537501
0.013052334
0.01672124
0.012822741
0.014796285
0.010278076
0.015336272
0.01651733
0.011662374
0.018282954
0.018166274
0.009816914
