0.06074203
0.08607843
0.117676534
0.16989973
0.16926081
0.19052485
0.19577141
0.1951163
0.20031808
0.20262438
0.23597975
0.26154238
0.2691265
0.24752086
0.2419051
0.26596695
0.2726291
0.26577935
0.28456926
0.2845361
0.33443922
0.2713295
0.31043696
0.32759413
0.3042483
0.32528338
0.3125039
0.29533935
0.31745297
0.30692026
0.28750512
0.31908342
0.30929017
0.29366264
0.29306653
0.26783484
0.29298478
0.3116528
0.29469737
0.30549452
0.34279478
0.31615815
0.3340579
0.31810418
0.3163746
0.31425646
0.32609242
0.33440825
0.32486433
0.32645646
0.30893177
0.3061811
0.33991656
0.32912314
0.2982522
0.3252404
0.29440257
0.32675335
0.32537135
0.34641
0.33923715
0.33269224
0.32937562
0.29727995
0.33868733
0.31797144
0.32391763
0.32869735
0.3197627
0.3314071
0.28399283
0.33769765
0.29659927
0.32644358
0.33287558
0.31863523
0.3275705
0.17591527
0.31602675
0.32532635
0.30682188
0.33951938
0.34165478
0.3079648
0.31964996
0.35544375
0.32515204
0.31538597
0.32832125
0.32473496
0.33300328
0.30236638
0.3317128
0.30442145
0.27442008
0.31223395
0.30930296
0.30955687
0.32566592
