0.096948214
0.07699062
0.110253684
0.11402712
0.123554744
0.10756808
0.06646992
0.042932935
0.0489311
0.051125947
0.022978755
0.025769219
0.028803801
0.022343999
0.02375589
0.019856941
0.033290345
0.017221816
0.024056952
0.022253048
0.030524518
0.015675684
0.026805751
0.025097799
0.027987592
0.020501457
0.018864186
0.022994587
0.01730518
0.015597098
0.014656421
0.014355771
0.013887399
0.017131653
0.024716513
0.015740653
0.015767531
0.019035494
0.017277846
0.016575431
0.013672172
0.016158482
0.016404744
0.014042937
0.015945505
0.015134515
0.012971934
0.015424558
0.013656617
0.01778009
0.017884143
0.013137161
0.014857611
0.016431522
0.011082791
0.0116958115
0.013986622
0.016831467
0.017088803
0.017493969
0.012526794
0.015318263
0.014784104
0.01678964
0.0129585825
0.019255187
0.018822875
0.008712491
0.016364845
0.01160975
0.01066759
0.011262551
0.016192846
0.015574627
0.01407396
0.01459807
0.010966826
0.0265925
0.014034349
0.0105008995
0.012931367
0.014635877
0.013436814
0.0094713485
0.013798012
0.011123713
0.011408811
0.009936989
0.020137077
0.013550617
0.014081741
0.013535981
0.015156645
0.008476323
0.012687332
0.011963528
0.013969159
0.016175838
0.014112644
