0.051446687
0.053929877
0.060193248
0.05390933
0.073910095
0.09777869
0.11188244
0.11626406
0.13719073
0.11912679
0.12909277
0.14511147
0.16070947
0.1599053
0.15022549
0.17600949
0.16830152
0.19157484
0.18747683
0.18957038
0.17812164
0.20059472
0.19971013
0.22129075
0.20153591
0.22646917
0.20264374
0.22405025
0.23071036
0.220172
0.21216728
0.23635611
0.20655967
0.23459187
0.20912255
0.22812656
0.21500671
0.23837702
0.25564596
0.24328302
0.22280912
0.25202817
0.24019913
0.24202685
0.25212982
0.23486911
0.23326394
0.24256383
0.24809976
0.24065936
0.26685062
0.2519744
0.23392506
0.25116313
0.25685525
0.23361275
0.22943676
0.23552173
0.22799763
0.23624416
0.22934629
0.24421845
0.23329711
0.24302457
0.22960985
0.23762298
0.23442878
0.2613092
0.24846956
0.25235394
0.25998712
0.24698938
0.2254919
0.24229263
0.24750003
0.26242304
0.24262409
0.26358953
0.25814605
0.26549172
0.2243756
0.24003555
0.23276475
0.24719326
0.23080061
0.23282143
0.2418042
0.2464239
0.2220533
0.25821584
0.24281393
0.23629567
0.22873068
0.23421146
0.26618606
0.2525183
0.2601394
0.23533073
0.25783053
