0.04483323
0.07516245
0.09910583
0.12716259
0.11714264
0.1403696
0.15377532
0.1776722
0.13480942
0.18620755
0.16846214
0.1344256
0.19239007
0.19280818
0.18836355
0.17466764
0.2035181
0.20492718
0.22730306
0.23731999
0.2117992
0.20190836
0.23445193
0.21116477
0.17728923
0.25498226
0.22862375
0.21553783
0.23833671
0.22122233
0.22502244
0.23989293
0.24138173
0.23238426
0.22015533
0.24351509
0.2264282
0.24220154
0.25372323
0.2352357
0.2186904
0.22839
0.23683776
0.24773772
0.2535356
0.2513303
0.26528296
0.23994838
0.24285367
0.26725522
0.22205538
0.2544886
0.24711409
0.26018846
0.2612434
0.23685938
0.2176945
0.26232156
0.26656812
0.23707832
0.264968
0.23682578
0.2552293
0.2440426
0.24804902
0.25870642
0.23852643
0.25280383
0.2502476
0.24330163
0.25840324
0.22978054
0.24712327
0.2479441
0.23147881
0.230947
0.24879518
0.23273882
0.23640068
0.22764625
0.23956214
0.22624372
0.23884721
0.24267012
0.2353155
0.23608916
0.20023242
0.059959207
0.044009138
0.056165602
0.059028853
0.05040705
0.06523271
0.05268925
0.042824846
0.06729955
0.028678657
0.06994592
0.06262704
