0.07028343
0.0836435
0.15123023
0.17298786
0.15442902
0.1717668
0.2053415
0.19818123
0.21646172
0.19560657
0.07073583
0.110806495
0.047182456
0.079920225
0.06335202
0.05334441
0.064637214
0.055914667
0.040552124
0.04430377
0.039802905
0.039241187
0.027520752
0.03731232
0.027189799
0.020138497
0.03418397
0.031140247
0.018736728
0.018868348
0.024350604
0.025510151
0.029420583
0.020760179
0.023292854
0.021047963
0.02083116
0.024824576
0.024997069
0.02896894
0.030709852
0.03171648
0.024447301
0.021393355
0.028028656
0.028005442
0.020451225
0.029768178
0.029461024
0.029193861
0.026917258
0.028150998
0.024944276
0.020663192
0.020538554
0.020072216
0.0430838
0.01464784
0.022069016
0.017983625
0.023806425
0.018960143
0.02385772
0.033533413
0.01427492
0.032868348
0.014757291
0.03476923
0.018075785
0.017836817
0.027225707
0.014597007
0.011964372
0.026811281
0.012169733
0.014593776
0.028094733
0.01698646
0.010065965
0.01588575
0.011955984
0.026218913
0.021604443
0.013760884
0.015905235
0.019123336
0.014992048
0.012686383
0.015969712
0.016642483
0.020570658
0.010491404
0.018416757
0.014949111
0.015731292
0.020476282
0.018264893
0.017430367
0.012547239
