0.11836322
0.18361425
0.25074008
0.2603589
0.23505284
0.2419607
0.23860294
0.26309833
0.2567698
0.24908717
0.27285424
0.25683904
0.2655545
0.15605342
0.10474788
0.11754019
0.09684981
0.04816588
0.046224017
0.056261994
0.054215852
0.036451157
0.036051504
0.04349554
0.04287143
0.041569304
0.03435856
0.030406188
0.027815072
0.02422838
0.029793268
0.033918764
0.038900357
0.031230515
0.026789855
0.03843976
0.03475254
0.031594988
0.026632877
0.020834045
0.021214355
0.022602275
0.020687139
0.02080131
0.018556561
0.019568771
0.02232209
0.01414626
0.027903512
0.019142967
0.0136998715
0.02087585
0.027244197
0.020408534
0.013459995
0.024652109
0.014167024
0.016666543
0.016320817
0.031409442
0.024350643
0.0103531
0.0116803115
0.024828345
0.018140478
0.00925048
0.00974059
0.024952319
0.012297128
0.009357622
0.00861676
0.012543504
0.01992351
0.015777117
0.01676999
0.0144279525
0.013984584
0.016396776
0.015754098
0.020336796
0.014225906
0.0150991315
0.01691218
0.014910335
0.011601808
0.017343868
0.0075736134
0.020427685
0.018841887
0.018152306
0.009425828
0.012366649
0.014339016
0.012714693
0.018650921
0.02334858
0.010800679
0.02196646
0.01082645
