0.10988223
0.055586886
0.06038963
0.08855462
0.07466706
0.0761845
0.13532884
0.13155279
0.16378112
0.14101514
0.12633434
0.1623285
0.17921846
0.18209447
0.20079406
0.19030711
0.17358777
0.2088783
0.19170584
0.2106279
0.23152335
0.21014066
0.22445078
0.22224225
0.25172374
0.21487604
0.21028015
0.22346061
0.22025856
0.2263791
0.22565338
0.24217854
0.25462472
0.26011768
0.23374389
0.25846547
0.23159581
0.25920552
0.24064638
0.25113198
0.2617529
0.24358062
0.24607314
0.24768741
0.26145554
0.24810298
0.23277217
0.2488011
0.2443074
0.26329562
0.25245267
0.25696546
0.25507537
0.2638274
0.26908618
0.24498399
0.25412312
0.24406543
0.27034298
0.24701478
0.26061416
0.25202712
0.2555917
0.25091365
0.24554892
0.25815904
0.23964822
0.25567755
0.25940433
0.2610371
0.25193456
0.24409938
0.25372514
0.25660494
0.24398737
0.24900189
0.24553405
0.25589865
0.26360476
0.2560651
0.2578569
0.2413941
0.25060782
0.24865258
0.27922696
0.25738266
0.26603422
0.2711465
0.2541543
0.23282194
0.2703494
0.24745059
0.2676245
0.2612114
0.25914586
0.2655376
0.2506801
0.25735396
0.25061473
