0.19335318
0.12601562
0.15752564
0.052023195
0.044691134
0.042921312
0.061314452
0.07571719
0.04785694
0.0881285
0.10103693
0.09582238
0.12790695
0.14422026
0.107803896
0.13287094
0.16577025
0.1467494
0.14630657
0.18549018
0.1762359
0.17455232
0.16735137
0.17613736
0.17161563
0.19573903
0.18025492
0.17220466
0.19979404
0.21607126
0.23211934
0.22779684
0.22881943
0.21455196
0.21097144
0.22041729
0.21725377
0.23965052
0.24484655
0.234579
0.21546322
0.23356813
0.23272665
0.23225625
0.2204101
0.22193336
0.2268529
0.2579093
0.24020128
0.22294639
0.25062045
0.25409934
0.2337459
0.24930668
0.2433725
0.26520774
0.23291293
0.2474222
0.26097253
0.25227746
0.24217662
0.27070957
0.2626412
0.24538334
0.23923847
0.25352997
0.24649933
0.2645002
0.24519405
0.246164
0.25678977
0.24582687
0.2675348
0.25520197
0.2588896
0.23617522
0.24206996
0.25444183
0.2490158
0.24998422
0.25926435
0.24217291
0.2522822
0.2553825
0.26362082
0.25885445
0.24463874
0.23997049
0.25828597
0.24643065
0.26527318
0.24746127
0.27169526
0.2581958
0.24957852
0.26018396
0.25605822
0.25108233
0.2671812
