0.14630042
0.04720162
0.071424365
0.10638867
0.105233625
0.117419064
0.17091914
0.1431151
0.17603347
0.15435416
0.17416908
0.20475586
0.20241994
0.22054258
0.2262485
0.2111901
0.21836793
0.24425143
0.22023202
0.22637999
0.24005918
0.22374606
0.24436331
0.23740005
0.23396808
0.2299898
0.25256625
0.24390596
0.23152114
0.06340731
0.05972016
0.08421453
0.08226642
0.06149007
0.047977433
0.04736966
0.04310733
0.028359236
0.04033549
0.04204618
0.025336334
0.026690548
0.032907903
0.021661349
0.027321082
0.025003348
0.019990984
0.024096915
0.026811246
0.021295259
0.022897359
0.027307866
0.019374458
0.020412516
0.027719226
0.028069949
0.028447144
0.033869214
0.02202356
0.031509504
0.0370039
0.024994215
0.020711849
0.028355172
0.027426245
0.030799992
0.016335832
0.022772744
0.022388313
0.014301731
0.018255029
0.018670872
0.022015372
0.028517509
0.029960988
0.015518091
0.016232159
0.021502981
0.021186255
0.017638924
0.015561102
0.027128447
0.01708985
0.024108902
0.017751155
0.021741414
0.014588289
0.028320516
0.020496828
0.016328065
0.021536823
0.016741375
0.015028461
0.018729264
0.020081373
0.030707724
0.017140191
0.029025184
0.018133152
