0.054362286
0.08076151
0.1376415
0.17423779
0.16049993
0.15974577
0.16588226
0.18960142
0.20668167
0.19654197
0.2134373
0.23576842
0.1950495
0.21411908
0.21068642
0.22733396
0.20331478
0.2323386
0.2384308
0.2169967
0.24679314
0.21887907
0.24736683
0.21917538
0.23097134
0.24602763
0.2333791
0.24784613
0.24056146
0.24306726
0.23224707
0.2164454
0.23789424
0.13358374
0.052432187
0.06019781
0.06698914
0.06626784
0.052090112
0.07070812
0.055446386
0.07751024
0.03968555
0.057262637
0.07176898
0.0806443
0.1331072
0.07435137
0.072499625
0.078839324
0.05248116
0.0754864
0.07719936
0.06403407
0.045843605
0.03391592
0.052447207
0.02980249
0.044714496
0.036784615
0.027124362
0.029736511
0.047800243
0.028160203
0.031309854
0.03144088
0.03456364
0.03684023
0.03466968
0.034047227
0.03550166
0.038853947
0.031462975
0.03561184
0.030334355
0.052840177
0.02212602
0.02444747
0.020335885
0.057580777
0.031036865
0.032003332
0.024010165
0.03806793
0.025264286
0.026732529
0.051398847
0.022217914
0.023690756
0.02991394
0.033482958
0.022081906
0.03324024
0.039455846
0.029799925
0.03589398
0.027461696
0.02126206
0.027531222
