0.121879674
0.17787248
0.18705472
0.19792123
0.23159115
0.20760423
0.2018864
0.19138816
0.2370542
0.20895442
0.229711
0.09223089
0.042878874
0.08401243
0.05129982
0.055145245
0.08553974
0.06299262
0.061022796
0.058011144
0.03819218
0.024528187
0.0450513
0.032165147
0.046219315
0.04499703
0.028577494
0.03934
0.032345053
0.037994057
0.033620264
0.028564343
0.030665584
0.030890206
0.033902116
0.03838709
0.038312804
0.03759568
0.03331093
0.025539314
0.031497013
0.025901258
0.028627042
0.03529825
0.030096747
0.028887996
0.021085834
0.03337268
0.01777404
0.03372431
0.03289481
0.06235566
0.030552566
0.028365003
0.03191021
0.032865673
0.026067538
0.033976566
0.04482069
0.021211637
0.025389913
0.025317343
0.03547301
0.029652994
0.029190654
0.030007137
0.022255547
0.024690649
0.021799028
0.024532853
0.029608062
0.022836132
0.019737024
0.02335818
0.028122442
0.019534616
0.019901041
0.030831296
0.035229117
0.017277168
0.025001366
0.017628623
0.035454806
0.026696278
0.01895127
0.029399708
0.024184428
0.020319147
0.020311272
0.014800173
0.019297112
0.016034704
0.014188348
0.015727384
0.024145823
0.03865489
0.016305616
0.018340545
0.015011151
