0.19254719
0.20246035
0.14196149
0.21113238
0.12502426
0.14304964
0.18210928
0.17322077
0.19091766
0.24170755
0.22711498
0.20132048
0.22468124
0.21011074
0.23872757
0.24318811
0.22061773
0.25410718
0.24397641
0.23188014
0.24556871
0.25781158
0.25983307
0.2439554
0.24715498
0.23294063
0.23969941
0.2254595
0.23348245
0.26433706
0.23950887
0.23643304
0.24336393
0.25199783
0.2596764
0.26055548
0.24922222
0.24991234
0.24503845
0.25773144
0.226
0.25132936
0.25547084
0.2202749
0.25608176
0.26856697
0.27492237
0.24818802
0.25416422
0.25161737
0.24724466
0.25872517
0.22021191
0.24024627
0.2511012
0.2363525
0.26222992
0.26211074
0.23845148
0.24160625
0.24092714
0.25561947
0.26517707
0.24107587
0.24894837
0.26562843
0.24067523
0.23927744
0.22292937
0.2624387
0.2336801
0.2524369
0.25792834
0.23727351
0.25546423
0.2744071
0.25004914
0.24575537
0.2551481
0.2611968
0.27791294
0.26329124
0.24782845
0.26460057
0.26639098
0.25272715
0.2422543
0.2650465
0.26902154
0.25652146
0.2529192
0.24955198
0.2639393
0.24929284
0.26293483
0.25436622
0.25912887
0.25741804
0.2607218
