0.051103964
0.074083015
0.05895488
0.105430625
0.09055209
0.14774463
0.14457539
0.11594485
0.18289818
0.19140014
0.18981561
0.19101368
0.23067605
0.2262929
0.20112963
0.24291591
0.2663225
0.25493485
0.25587764
0.2804127
0.2830648
0.2567113
0.23568828
0.26666287
0.3137394
0.3126843
0.27309152
0.2739489
0.24579762
0.3214023
0.29992467
0.28446573
0.30545646
0.2872259
0.31193653
0.33189017
0.31726253
0.28556573
0.3153485
0.31920782
0.30638313
0.2929397
0.32617116
0.3092925
0.2965681
0.32125628
0.2913498
0.3510648
0.3048172
0.31806478
0.32086977
0.3228767
0.32412663
0.3284201
0.33089828
0.31301895
0.31190455
0.32562134
0.3000207
0.32503152
0.31056625
0.3067472
0.30743137
0.33274266
0.31411627
0.3282092
0.33871883
0.31168783
0.34509164
0.2857689
0.30788246
0.30636862
0.2874277
0.27118337
0.049656056
0.063485995
0.056675635
0.05559837
0.04780282
0.0538186
0.06042007
0.0445868
0.037963133
0.05396661
0.050424628
0.035664923
0.025487497
0.034478795
0.027483515
0.02236401
0.028264033
0.018090827
0.020055402
0.039862577
0.044116553
0.018574784
0.023278955
0.042692162
0.0475479
