0.082209624
0.08436865
0.10384849
0.12971967
0.116679296
0.06608663
0.047201127
0.062130712
0.043055464
0.037156332
0.046882525
0.04332317
0.03461103
0.038151138
0.023790838
0.037283972
0.03774379
0.0340014
0.031693902
0.018193275
0.032415405
0.021077562
0.023564976
0.018831328
0.032220576
0.02617006
0.023692675
0.020257121
0.022158643
0.026968805
0.021153653
0.014020524
0.021934776
0.026565617
0.027789237
0.014493546
0.01605463
0.022838509
0.01916555
0.020766791
0.017696725
0.017646628
0.01713018
0.015152494
0.014933173
0.025307912
0.026309708
0.016395753
0.022576066
0.014084247
0.021098854
0.014089638
0.01314488
0.017665703
0.015933314
0.017554237
0.01886343
0.02050931
0.014986953
0.018661516
0.011594848
0.011630055
0.022714157
0.023862682
0.0132755
0.018889971
0.022555916
0.015503984
0.016627455
0.013613521
0.012221194
0.019917468
0.012876652
0.011736814
0.014984894
0.022954028
0.010246894
0.013910673
0.011880549
0.013495168
0.011600881
0.009928857
0.013681746
0.010170942
0.009996533
0.010556631
0.014960783
0.011891765
0.01796629
0.015937734
0.011643874
0.0072207293
0.013469394
0.01358409
0.010022575
0.013057005
0.0151965255
0.020818729
0.015651822
