0.065578826
0.15404928
0.1541275
0.18412685
0.17828116
0.22478752
0.19061477
0.23783714
0.20077614
0.21417435
0.18580264
0.19545743
0.20185901
0.23082362
0.23781185
0.22171555
0.2655587
0.23978135
0.22284792
0.25277418
0.25140265
0.21225691
0.22305028
0.234652
0.25513822
0.19001257
0.22490545
0.25789964
0.2512374
0.24696822
0.23836713
0.234923
0.23776725
0.23796323
0.19516501
0.22584635
0.23291163
0.19435039
0.23028065
0.10901522
0.06383322
0.06925851
0.06438511
0.06072072
0.062152755
0.066087976
0.07173047
0.063936196
0.071341105
0.06954818
0.04262421
0.03367316
0.03021369
0.034971584
0.053446565
0.02610614
0.037002437
0.041142575
0.025128234
0.032424252
0.025803316
0.03734915
0.029507168
0.026511382
0.04237975
0.040719725
0.055977624
0.044805948
0.028159792
0.031683847
0.049979974
0.03093838
0.031400472
0.027749784
0.031289242
0.03652905
0.054033373
0.031083403
0.023541776
0.019864624
0.039707348
0.036363255
0.03445795
0.022828536
0.020025278
0.027372422
0.01914388
0.021367501
0.035775747
0.030884974
0.035131317
0.030176306
0.042477682
0.019680891
0.022142056
0.045330133
0.019899704
0.024282804
0.02066916
