0.2793734
0.28012544
0.32139206
0.31074664
0.34383032
0.3555477
0.34299272
0.34250152
0.35551962
0.20243274
0.13772328
0.119140156
0.10125725
0.06858377
0.044562817
0.048368007
0.03418068
0.02999277
0.035363726
0.042559665
0.036389507
0.025146471
0.029264433
0.030039584
0.024058765
0.016637947
0.017036838
0.018806633
0.024327444
0.025796084
0.027633533
0.023492899
0.033565518
0.024032187
0.01656498
0.01811409
0.021080416
0.021486452
0.018973928
0.013720593
0.01769536
0.021871908
0.015939806
0.017477604
0.019797456
0.016504234
0.02463741
0.021497818
0.01414375
0.011270921
0.015562597
0.017910862
0.019111235
0.0151923075
0.012374273
0.0120916385
0.012029626
0.014135752
0.014037379
0.015189937
0.017728146
0.011000301
0.01907174
0.010316125
0.014366157
0.017186439
0.013417786
0.022188174
0.02220669
0.0147396475
0.019271757
0.015040015
0.02918662
0.021601819
0.016825572
0.012853352
0.014461324
0.019185893
0.011776799
0.016735356
0.014109991
0.01567844
0.010869682
0.015901033
0.016428076
0.013545739
0.0166549
0.010473775
0.0130348075
0.008712104
0.015016077
0.013890161
0.014064222
0.012324099
0.016322242
0.01649826
0.016438905
0.011626745
0.010692424
