0.05473753
0.16423018
0.2245946
0.24237879
0.06559327
0.21343176
0.31153074
0.3235731
0.33673117
0.34940618
0.34186402
0.33814183
0.35068804
0.32484466
0.30286536
0.1177598
0.1010193
0.09763545
0.062138285
0.04378294
0.044568565
0.033148397
0.028488385
0.024153689
0.027668647
0.03589833
0.030562641
0.026804702
0.023529075
0.02225118
0.029966172
0.037477154
0.024158433
0.03453317
0.024410773
0.024203839
0.016123937
0.029008944
0.020915888
0.017648764
0.020170376
0.02136654
0.01627735
0.021327298
0.033022318
0.034678914
0.023489311
0.021211594
0.013923976
0.025272273
0.019608824
0.017565014
0.013525655
0.019616352
0.026630435
0.034392066
0.0313121
0.02246144
0.02063938
0.016737005
0.015193135
0.018578304
0.014013066
0.017180935
0.017032553
0.014992114
0.013801062
0.021014048
0.015580807
0.01656592
0.016332358
0.020900657
0.017883971
0.021307161
0.018011078
0.020817231
0.021793218
0.014464302
0.013215499
0.01595593
0.016026363
0.019884765
0.017444683
0.010915127
0.017321488
0.014246554
0.014387625
0.010283105
0.012301172
0.013390688
0.01601002
0.015337373
0.014003431
0.015618604
0.013023429
0.01254074
0.019452415
0.018646108
0.01995113
