0.06833407
0.09566504
0.14760856
0.12903666
0.20170543
0.18286909
0.1827231
0.18670058
0.18719046
0.20645773
0.21393158
0.19421113
0.21804173
0.22539967
0.22519334
0.24205154
0.2301729
0.20588548
0.2266473
0.25315648
0.23632228
0.24769318
0.25457123
0.22484887
0.24285635
0.23300716
0.2453447
0.24975808
0.25678888
0.24590835
0.24554077
0.24050239
0.23646642
0.23567086
0.25614473
0.2568795
0.24794243
0.26786628
0.26229915
0.25025532
0.267162
0.25096008
0.23520663
0.24074982
0.26665026
0.2505553
0.22597313
0.25007987
0.25441006
0.2495414
0.25687885
0.26450488
0.2540713
0.253006
0.24221335
0.25967845
0.24084118
0.2559715
0.2752168
0.25727022
0.26475582
0.26693165
0.25647348
0.25773352
0.25797153
0.24986523
0.26518723
0.237412
0.24172853
0.26233613
0.26946592
0.25974047
0.25276318
0.24720481
0.28158575
0.25820917
0.25552145
0.2468702
0.24620768
0.26491845
0.24483621
0.2570085
0.24497849
0.2495583
0.24797982
0.24733882
0.23395096
0.25760177
0.2551118
0.2579734
0.25513184
0.24357507
0.25566924
0.24554677
0.22728933
0.24442156
0.23777722
0.230692
0.23636676
