0.14929554
0.16290888
0.05692765
0.075927585
0.06336156
0.0679066
0.12333228
0.10633623
0.102798894
0.15427162
0.14498708
0.1608758
0.15978542
0.17983408
0.20764427
0.18898796
0.1640555
0.18380454
0.22111297
0.209736
0.19756769
0.20891388
0.22572015
0.2124706
0.2540153
0.2113988
0.22677559
0.2628405
0.2354586
0.24724765
0.23395696
0.2507709
0.2324367
0.23198605
0.23398845
0.22494017
0.24290366
0.23940296
0.22666901
0.24340081
0.23999906
0.24810638
0.25742397
0.25187552
0.2613961
0.24472603
0.25917435
0.24754372
0.24781775
0.24078861
0.21194176
0.23779687
0.2554878
0.25564143
0.24962632
0.23714346
0.26070783
0.2493139
0.26314712
0.2636728
0.24446808
0.24598879
0.24013236
0.23633873
0.2548928
0.23404466
0.23153807
0.25533983
0.2588594
0.25750658
0.24551597
0.25910577
0.24944457
0.26488295
0.2742293
0.26785147
0.25433663
0.26291755
0.2635938
0.2542059
0.26287943
0.26535568
0.2640941
0.25330877
0.25692874
0.26382256
0.23777539
0.26029307
0.26507726
0.26779377
0.25276262
0.2421253
0.25574863
0.24590905
0.25364816
0.2620879
0.26509285
0.26207325
0.25587142
