0.110857554
0.08697149
0.07877778
0.09934362
0.084274136
0.04847779
0.056746
0.05344247
0.041573957
0.035113268
0.027375696
0.042150218
0.027450949
0.03482731
0.019082071
0.026986705
0.028714648
0.038953185
0.020832239
0.0230845
0.02265471
0.021480465
0.01586086
0.015797682
0.017962955
0.019497821
0.021194143
0.024573771
0.036000397
0.014721337
0.025955213
0.015679853
0.019715643
0.026588298
0.015378369
0.013414473
0.019143766
0.017835565
0.015560223
0.017169923
0.024834253
0.015518868
0.014702293
0.019218123
0.016010216
0.012144917
0.02369941
0.017762553
0.017441845
0.012515806
0.012267118
0.01268785
0.01544016
0.018701158
0.018637745
0.013427445
0.010444315
0.0142296925
0.01859879
0.01650196
0.010314622
0.0108804125
0.010863818
0.014315152
0.011254657
0.012081354
0.0087408
0.015478002
0.015115938
0.014504039
0.010587745
0.012243871
0.0130516235
0.010797125
0.010694633
0.008294123
0.016659044
0.014843201
0.018786505
0.01036216
0.007425011
0.008253073
0.013582157
0.014496021
0.01437987
0.0074929344
0.010384981
0.01175926
0.011442836
0.017961312
0.008735689
0.011491673
0.018236455
0.016131518
0.007487618
0.017389404
0.016675698
0.0060118726
0.01152841
