0.13085297
0.066436596
0.06043605
0.0589144
0.06386122
0.110423386
0.10629765
0.12267106
0.11519369
0.1635156
0.15735094
0.1656452
0.1546087
0.16717093
0.17506713
0.22006749
0.17719734
0.21614951
0.18296725
0.22030039
0.20392206
0.21786782
0.2235997
0.20923464
0.1907756
0.22734573
0.2334833
0.2000244
0.22252904
0.23191941
0.2091333
0.23290147
0.22495657
0.24557957
0.21796444
0.22283968
0.21288776
0.21915852
0.2398107
0.2570867
0.2435924
0.2356248
0.25051823
0.24210286
0.23351726
0.24874179
0.253127
0.24089889
0.2456113
0.25158972
0.24256831
0.23798017
0.23230156
0.25368208
0.25466076
0.25272426
0.24716964
0.24004564
0.24990058
0.26040056
0.2596248
0.2617497
0.2570521
0.2454991
0.24684007
0.2518345
0.24884248
0.24193253
0.24810685
0.26891777
0.24399382
0.24000804
0.27087882
0.22892262
0.24997653
0.26752818
0.23647067
0.2637581
0.26389015
0.2443436
0.2589229
0.24577926
0.24142388
0.2519019
0.25334254
0.238826
0.24615282
0.25748578
0.25342897
0.23246461
0.24133271
0.23401253
0.27001867
0.26442954
0.25736657
0.24867992
0.279675
0.2294506
0.2744849
