0.049825728
0.098668635
0.15536195
0.12842952
0.19032098
0.16331743
0.17060314
0.1948186
0.20213978
0.20121719
0.25359383
0.2662892
0.24211912
0.22973093
0.25910985
0.25603765
0.26099408
0.28564325
0.28622726
0.2735442
0.31517813
0.3166281
0.2533047
0.2813571
0.29705328
0.30861565
0.30689445
0.30978072
0.32297966
0.31393325
0.30004144
0.28000212
0.28768438
0.2853791
0.30917048
0.321177
0.33209094
0.28762355
0.32314125
0.28906727
0.28985032
0.26522988
0.30682495
0.32108292
0.33308324
0.32123423
0.3081297
0.31967884
0.3363138
0.30580598
0.3058134
0.31809077
0.30928233
0.2960213
0.31121987
0.31785414
0.27305117
0.31457654
0.30525386
0.24589382
0.24738856
0.067440644
0.06956607
0.06737463
0.053641763
0.03746924
0.054607157
0.068305105
0.05335794
0.05201376
0.050350703
0.041282177
0.050392862
0.05060618
0.049173504
0.11353265
0.08076709
0.05360186
0.07330059
0.07658693
0.044725996
0.018557835
0.023931455
0.047288403
0.025731916
0.042659156
0.036006972
0.046433825
0.047674257
0.03872394
0.02848772
0.050062656
0.035708226
0.022948826
0.025177686
0.031725936
0.036900494
0.016375307
0.030539848
