0.19829339
0.15694241
0.16459417
0.17857085
0.16485962
0.07797824
0.11160207
0.12412745
0.15048893
0.14819449
0.16934502
0.14957772
0.17250352
0.20019165
0.21057825
0.18273073
0.19081342
0.18109085
0.19098574
0.20841685
0.21168864
0.22707066
0.23188865
0.21131478
0.25261983
0.22547539
0.21165958
0.2664707
0.23743457
0.24005848
0.22368257
0.25312832
0.23514828
0.24613796
0.2320308
0.2549153
0.24564946
0.23145059
0.25056064
0.24797717
0.2539709
0.24593309
0.24757093
0.26174873
0.24423821
0.2590885
0.26257956
0.25058445
0.23505335
0.25379315
0.22350329
0.25587493
0.2503892
0.25127745
0.23856618
0.23217477
0.24405713
0.2450227
0.23810686
0.24146168
0.2673089
0.23635215
0.25448975
0.24756074
0.25229225
0.23796171
0.25306454
0.23891403
0.25046527
0.23231265
0.22797859
0.26092696
0.26435333
0.23637088
0.24478465
0.24204801
0.24225928
0.26568624
0.23131214
0.24858458
0.2433643
0.24785954
0.2459154
0.19005443
0.12775172
0.0632511
0.082599156
0.051473536
0.056997705
0.053021565
0.064828195
0.058225635
0.050070003
0.05285527
0.05731939
0.04571874
0.047136728
0.04898077
0.052110996
