0.044955187
0.08711892
0.11521429
0.12824203
0.16490236
0.14257547
0.17525509
0.15284938
0.17058793
0.1933583
0.16631797
0.21146843
0.17458054
0.20646748
0.20528102
0.197779
0.22435378
0.20209554
0.19594316
0.20181592
0.19763829
0.21807568
0.17146815
0.21938665
0.23679721
0.2366611
0.21156034
0.23874566
0.23857017
0.22693557
0.20546064
0.21451598
0.22777675
0.21007285
0.22418159
0.20730782
0.22367215
0.09266428
0.05054129
0.0418633
0.05692519
0.046096083
0.058794394
0.048252493
0.062490165
0.045674596
0.060811244
0.048858438
0.069209926
0.062384423
0.045416515
0.056472495
0.04439361
0.048200857
0.049790177
0.050777398
0.05665001
0.06150936
0.029925745
0.07023511
0.037525162
0.02664469
0.022358196
0.02901885
0.027259713
0.042290315
0.028870648
0.032861337
0.023169668
0.026820691
0.020766418
0.02758315
0.023795946
0.0429028
0.049016945
0.037044108
0.05399872
0.04325832
0.035849415
0.033085942
0.033620678
0.04067103
0.023207955
0.024525728
0.021353092
0.021506328
0.026594605
0.019280476
0.037336726
0.03643282
0.032204002
0.022203812
0.017929278
0.028750168
0.020607442
0.025299575
0.031947132
0.02615387
0.019945996
