0.17595144
0.056506637
0.08124445
0.08895466
0.10956261
0.10571054
0.1283761
0.12729236
0.13981372
0.17248803
0.2052606
0.19670433
0.19041131
0.2110164
0.21700346
0.23742706
0.2219244
0.21424827
0.22409636
0.22554187
0.23609816
0.081555285
0.06874873
0.072915934
0.0827791
0.058182374
0.07552346
0.064130045
0.051292215
0.03574252
0.030548694
0.03282501
0.03705038
0.02258299
0.02686542
0.031485934
0.023185005
0.030266413
0.03421536
0.024040353
0.02356982
0.029785844
0.0283878
0.023213273
0.035633218
0.025847021
0.023590844
0.022560656
0.020280484
0.028476289
0.021339213
0.030499298
0.028929437
0.015533503
0.044521328
0.019354304
0.019792635
0.025666585
0.02745918
0.03429815
0.04129847
0.036422227
0.025118213
0.013191065
0.019985579
0.02874582
0.029400928
0.018412402
0.03410594
0.022060694
0.022910854
0.018250208
0.026219636
0.024147404
0.02838576
0.0222359
0.017032852
0.018966984
0.022799699
0.019776212
0.014529183
0.039405372
0.01798217
0.025313314
0.012507388
0.023519417
0.017269619
0.015599255
0.015303122
0.017648522
0.017459234
0.00957561
0.019926863
0.016233694
0.022054557
0.024214314
0.020134998
0.016075311
0.019761434
