0.08351346
0.05711447
0.07328732
0.09674695
0.10114508
0.119987
0.1336975
0.1333237
0.16166443
0.15236582
0.15512735
0.19192272
0.17656949
0.15253034
0.15651576
0.18190989
0.1966101
0.21575618
0.2050044
0.21744879
0.20771085
0.22651458
0.20557696
0.23994541
0.23332162
0.22412314
0.21583925
0.2593816
0.2295055
0.22871856
0.22047277
0.21353865
0.22860484
0.24796031
0.246945
0.23837784
0.22937097
0.2268521
0.25033733
0.24356548
0.20522673
0.23584762
0.23359312
0.22915329
0.26218677
0.2394101
0.24715376
0.23340909
0.23868643
0.23940268
0.23202555
0.25474805
0.24010833
0.26153013
0.2524745
0.22357914
0.25578028
0.26100352
0.22190349
0.23803146
0.25837368
0.25335616
0.25049525
0.25866726
0.24469838
0.24102955
0.2664644
0.23549347
0.25159198
0.24546821
0.2592166
0.24087933
0.2420206
0.24932644
0.22996436
0.24194099
0.24695496
0.26195794
0.24853474
0.25923738
0.24896237
0.25168648
0.2558528
0.23036605
0.22970712
0.22855797
0.24578309
0.2481363
0.24490397
0.25401235
0.22266835
0.22136873
0.23578057
0.20984714
0.15125893
0.07128509
0.0773077
0.057845645
0.06384321
