0.05044129
0.1323638
0.1388296
0.18267451
0.13518178
0.14982402
0.18947123
0.20512928
0.20620452
0.21750957
0.22249752
0.21162848
0.20017616
0.23987399
0.19276267
0.22188717
0.20434624
0.2388066
0.18732665
0.22085726
0.21804182
0.21930517
0.23865166
0.23762602
0.22888039
0.2467348
0.23445378
0.24012838
0.216271
0.22232126
0.2254401
0.250255
0.21451645
0.24344346
0.23861672
0.24603008
0.24964003
0.22948682
0.2354232
0.25737202
0.2059144
0.22779728
0.22515245
0.23505634
0.13598329
0.077291064
0.050463736
0.060222063
0.056029346
0.05913575
0.05119591
0.047098447
0.05248701
0.06313084
0.06105302
0.066843614
0.039373904
0.063006796
0.068430364
0.035516553
0.058804996
0.048790056
0.049888536
0.035897054
0.045380354
0.044699185
0.03272706
0.04366542
0.032897655
0.037653524
0.029014954
0.032643117
0.041238595
0.03495351
0.02770999
0.03730325
0.020416044
0.031706493
0.03943741
0.03804955
0.035406973
0.038840383
0.02299312
0.03367988
0.035034034
0.022575548
0.024638753
0.028839765
0.037625216
0.031823177
0.017977105
0.036260568
0.025110556
0.025859814
0.026733292
0.02771521
0.027013432
0.037308905
0.026717758
