0.061711024
0.056015495
0.10716912
0.07953355
0.10616603
0.109377265
0.14073704
0.16146325
0.14334586
0.12177931
0.16113324
0.16003528
0.1648638
0.16876262
0.21322231
0.19393985
0.19834763
0.16973712
0.21617396
0.19465195
0.21286891
0.24262802
0.25267172
0.20802806
0.22574688
0.21166016
0.24521816
0.2114445
0.2553039
0.23470528
0.21781753
0.23878255
0.2654686
0.24653637
0.24271862
0.23989195
0.23995057
0.25255048
0.24889146
0.25314748
0.253945
0.2502875
0.24320987
0.241218
0.24559994
0.24340807
0.23240408
0.25325906
0.24392132
0.24893242
0.27820164
0.24669187
0.25209323
0.24312408
0.25105265
0.26292217
0.25403744
0.25458577
0.25637785
0.2514691
0.24759905
0.24579553
0.24326673
0.24349834
0.23452318
0.25614908
0.27871397
0.23685625
0.2488176
0.2424614
0.23197731
0.2589166
0.26209167
0.2612871
0.2603051
0.25049782
0.24568893
0.27021363
0.22747666
0.25292608
0.26026833
0.24236524
0.25031444
0.24610175
0.2692536
0.2698265
0.27424762
0.24467272
0.25617617
0.2256418
0.24987084
0.23485465
0.22034362
0.24838215
0.23548897
0.24537213
0.22821315
0.24386315
0.217122
