0.053498086
0.1037479
0.055029415
0.068184525
0.08564231
0.04793293
0.05437697
0.037626073
0.037530415
0.034525823
0.0502958
0.03100885
0.024427574
0.02476822
0.04537983
0.023427036
0.027380098
0.023627065
0.021332193
0.02680877
0.030332295
0.017252559
0.025286404
0.034244955
0.0485165
0.020707505
0.02313142
0.026436968
0.024029482
0.01716438
0.014840461
0.017672725
0.030414045
0.025426114
0.019744482
0.021914504
0.013872517
0.017839428
0.02548092
0.038549677
0.012979607
0.025790282
0.022692788
0.017692735
0.019868275
0.022302637
0.013962381
0.016784837
0.02183018
0.014956938
0.014506358
0.015004126
0.01703626
0.015834523
0.015534387
0.024307657
0.014282333
0.012512163
0.021218754
0.020845044
0.015832324
0.012651391
0.014137265
0.013800537
0.017102407
0.019615805
0.010917244
0.014727815
0.013200545
0.016912568
0.012563675
0.013312169
0.012332437
0.011656928
0.016429458
0.01407522
0.012633628
0.015622178
0.013980311
0.015791658
0.013626571
0.018947018
0.010861268
0.007948825
0.012240425
0.030353032
0.015360598
0.009939643
0.011647183
0.011842768
0.009645162
0.009212986
0.018435856
0.011114043
0.013854211
0.014144378
0.013912617
0.009354919
0.01109602
