0.045141485
0.049290996
0.080090664
0.08589602
0.1048573
0.052512586
0.08556071
0.1322784
0.14296055
0.16241083
0.15627925
0.20310648
0.20254175
0.1619992
0.19546615
0.21949425
0.17502505
0.18550885
0.21020833
0.25736028
0.2357602
0.23382156
0.25439653
0.2541405
0.24691695
0.28400418
0.27861306
0.24715678
0.2806166
0.28846085
0.29450318
0.279653
0.30108657
0.2952226
0.2903947
0.26616517
0.28109723
0.2857223
0.27867386
0.32688123
0.28851384
0.30094737
0.31544277
0.33118522
0.3074803
0.32551202
0.34131736
0.3079642
0.3020047
0.2877817
0.33214524
0.32101527
0.29648224
0.30878037
0.33411264
0.33857024
0.30915868
0.29280517
0.2722059
0.3466225
0.2690676
0.30587012
0.30632323
0.28657258
0.32016072
0.33699033
0.35459507
0.27184972
0.29584554
0.31928375
0.3022222
0.30896696
0.33812258
0.33152524
0.3139912
0.32144296
0.26569828
0.3134233
0.31620213
0.31858093
0.30487406
0.25012016
0.28481686
0.27938563
0.30113655
0.3264767
0.33034945
0.33968043
0.31328732
0.3321939
0.3167994
0.3310347
0.32036668
0.30470085
0.32160082
0.30651733
0.30278865
0.06628398
0.06670851
