0.055501923
0.09829974
0.12072865
0.1437084
0.12945552
0.1930996
0.18140356
0.20518534
0.17780434
0.17283835
0.17086618
0.21135898
0.19431336
0.22743912
0.21103878
0.22813034
0.24402493
0.23204723
0.23815046
0.2219201
0.23655017
0.21638304
0.25573587
0.2510312
0.24042113
0.24612835
0.21929108
0.25279287
0.22756855
0.25641617
0.24121656
0.24694334
0.24201538
0.21974331
0.24197342
0.25840524
0.22515257
0.2520822
0.2399653
0.23656085
0.2597649
0.25233895
0.24883305
0.23843184
0.25279707
0.23928961
0.23260596
0.25685892
0.22533154
0.23469572
0.24915561
0.21688879
0.15946758
0.08177697
0.03234446
0.058795687
0.06646173
0.065840855
0.04428616
0.10582251
0.066453785
0.064211436
0.07844372
0.07606584
0.03662247
0.04031234
0.051036477
0.050224993
0.031206628
0.035340175
0.035395026
0.050563216
0.04858294
0.061584894
0.043874152
0.038795963
0.027375922
0.022763664
0.028093852
0.025876384
0.03510589
0.044298142
0.038428284
0.034962084
0.02358446
0.034453824
0.033431098
0.024087602
0.025947548
0.037430346
0.027292335
0.02947711
0.033788335
0.027814884
0.025577974
0.034226157
0.03048505
0.038221233
0.023776382
