0.07525719
0.10194876
0.14680159
0.1352031
0.18808852
0.1337096
0.2088392
0.20353207
0.18953301
0.22057383
0.22243005
0.19060798
0.20224585
0.22779894
0.21851295
0.2398647
0.1979524
0.20968679
0.2142351
0.24140237
0.23619823
0.2193988
0.25481907
0.25666207
0.22591689
0.24957421
0.20559584
0.25557443
0.23492146
0.25615022
0.25121316
0.24499188
0.24156035
0.24740976
0.24525277
0.22981559
0.23466048
0.25405404
0.24330424
0.23659535
0.21818297
0.23006324
0.22987272
0.21090862
0.17388226
0.10587659
0.05165376
0.054077003
0.045885377
0.03882593
0.05675503
0.042010337
0.083447605
0.055775806
0.054888226
0.068705305
0.078529544
0.0629962
0.0933967
0.069407485
0.08001631
0.0552423
0.06596506
0.0768988
0.071049824
0.062060174
0.059880834
0.07147098
0.062866196
0.046279028
0.038359817
0.03999958
0.029385146
0.04964319
0.044703137
0.05483488
0.07055697
0.04531323
0.034720045
0.0430125
0.023422169
0.022705724
0.047319137
0.041351877
0.03118855
0.028387098
0.035698622
0.038932536
0.035816506
0.043896247
0.03864668
0.041797936
0.036231935
0.036954924
0.0286157
0.023990935
0.043938875
0.047076263
0.032818783
