0.08131684
0.04967594
0.048996408
0.047618177
0.045303836
0.06295475
0.058214694
0.09451399
0.05807777
0.07478398
0.11264917
0.096521385
0.11747745
0.11135517
0.12423413
0.10438423
0.12881939
0.1096598
0.16255464
0.15392894
0.15546814
0.14948533
0.16753249
0.19658405
0.15862703
0.1993236
0.19596858
0.18672605
0.19335723
0.1899006
0.17789057
0.18919556
0.18615226
0.20776819
0.22756617
0.1916862
0.25050378
0.24905276
0.21270074
0.24455339
0.22132127
0.19728148
0.22143729
0.23752302
0.2207413
0.23578134
0.22948141
0.2498176
0.23133752
0.22124337
0.23649631
0.24772738
0.2647839
0.2297518
0.2529552
0.24657425
0.24374071
0.22555952
0.23657787
0.2639247
0.24310729
0.23479284
0.2429916
0.2479296
0.22428717
0.22754748
0.25674027
0.22960353
0.2422958
0.25546503
0.2346602
0.23765996
0.24907266
0.25148168
0.2549206
0.25973603
0.25940216
0.26120985
0.25962052
0.2450504
0.23741156
0.25701833
0.2533983
0.2538678
0.26312
0.25420228
0.24844314
0.25608277
0.27283412
0.23527582
0.2381986
0.24170808
0.24934545
0.24778076
0.24506247
0.23066196
0.24993667
0.24892093
0.25363448
