0.13634932
0.05124548
0.05886383
0.08310053
0.08281314
0.12609869
0.14748397
0.14040726
0.12558064
0.1533846
0.18802504
0.12893914
0.1660041
0.18227293
0.14877263
0.19540459
0.17861293
0.20626976
0.16241166
0.1799428
0.1717501
0.21362233
0.20466685
0.23099424
0.19189957
0.21985938
0.20765065
0.23339047
0.19964682
0.22778086
0.23411198
0.23391552
0.23842143
0.23850624
0.22995134
0.24052289
0.24710944
0.24810651
0.23908612
0.22810481
0.23333815
0.23059551
0.23297192
0.25443473
0.23161279
0.24948296
0.2401569
0.23778987
0.23831637
0.20747685
0.2180153
0.13709182
0.06615029
0.07117851
0.070954
0.06183219
0.05773669
0.058039054
0.040458642
0.06303504
0.048575476
0.046422556
0.03477534
0.033207092
0.029960101
0.035499416
0.036773883
0.040013105
0.03569471
0.0305962
0.023665084
0.029528692
0.045516178
0.028720876
0.019606447
0.031825934
0.02416809
0.032646485
0.021952813
0.024227388
0.031947706
0.027745249
0.03527736
0.044405557
0.032704953
0.041102946
0.03423824
0.03194461
0.046683636
0.040451154
0.034777295
0.05064276
0.02348077
0.02948852
0.046512023
0.02062432
0.059670493
0.028372351
0.028621713
