0.16511737
0.059807308
0.09527692
0.08665417
0.11682127
0.15861157
0.16509707
0.16453148
0.18134074
0.20315452
0.18269342
0.20845315
0.18655892
0.20189548
0.19817546
0.22191471
0.23247963
0.20344049
0.21958701
0.23894536
0.22478926
0.23712383
0.2232395
0.23501098
0.26371557
0.21682073
0.22586022
0.24384573
0.23290597
0.2462463
0.24218127
0.22927833
0.2504598
0.21650435
0.2410998
0.24673697
0.23402576
0.24003729
0.25243157
0.25101408
0.25594714
0.23826273
0.25660306
0.25207102
0.26368746
0.2601872
0.23565573
0.22890349
0.22653888
0.25385112
0.25865754
0.22611237
0.25263622
0.2477082
0.23338768
0.244062
0.23160158
0.22051473
0.21928652
0.2394241
0.2178797
0.2215375
0.21521159
0.17596683
0.10060135
0.08881276
0.074586816
0.044745367
0.043998048
0.048507355
0.044731837
0.04648552
0.051009748
0.052185774
0.06013602
0.054046895
0.038497783
0.02584957
0.036617164
0.037078068
0.04081876
0.029380877
0.044577114
0.046679985
0.032796312
0.03211937
0.042103022
0.036054056
0.04502857
0.03994423
0.03794084
0.03145005
0.043521207
0.031057259
0.024835177
0.029007295
0.040711608
0.045289543
0.03554672
