0.08480018
0.19184469
0.19290803
0.25791186
0.25906822
0.11752461
0.10464626
0.14043021
0.1403042
0.110057324
0.04988952
0.05644922
0.043484878
0.047095165
0.044217344
0.028723262
0.029456198
0.04591176
0.02842708
0.03176475
0.026158003
0.031667963
0.017733611
0.019137109
0.03501809
0.017912626
0.02972527
0.014894891
0.026701603
0.02098858
0.027983174
0.01644865
0.024418863
0.011289533
0.02829209
0.021793852
0.019622985
0.017437693
0.016811464
0.01294068
0.01335458
0.016049884
0.024961425
0.018873522
0.022642387
0.023387447
0.017781515
0.016568085
0.018837564
0.012605735
0.017114116
0.027746404
0.01521957
0.016768012
0.01718858
0.016029302
0.013974485
0.012381007
0.008737825
0.012693528
0.03019122
0.012776382
0.01411942
0.014474687
0.017004047
0.012632438
0.014575488
0.019981923
0.018205514
0.016010761
0.01341824
0.014764231
0.016442923
0.012947918
0.015581986
0.014329334
0.016072698
0.010661741
0.024229893
0.014608228
0.012702913
0.017335767
0.016610323
0.011622834
0.018283872
0.009688849
0.014594319
0.021886036
0.021794232
0.01686195
0.009513213
0.0138386255
0.011797946
0.014930919
0.016899172
0.013255971
0.0155065805
0.010763203
0.009384578
