0.07199513
0.06765922
0.10490381
0.07990453
0.08434311
0.055356625
0.038340665
0.042951457
0.041536354
0.040139847
0.03858379
0.03163753
0.032707848
0.02674572
0.032057755
0.019021582
0.025505858
0.020235585
0.02138379
0.016772022
0.020154597
0.021770738
0.020591589
0.022264352
0.030612782
0.021670317
0.021646928
0.024445439
0.028504362
0.011476339
0.023168111
0.014308144
0.014662006
0.02923702
0.017159306
0.015181976
0.026168864
0.01495435
0.023488432
0.012345422
0.016085496
0.018286923
0.018639926
0.02247428
0.012820687
0.013945984
0.019136678
0.010735994
0.021040486
0.011536184
0.015285884
0.014474761
0.020672787
0.011254991
0.019599743
0.011268683
0.015638107
0.01086028
0.020494075
0.014235101
0.016762983
0.017472522
0.013776255
0.027051954
0.009067719
0.010161969
0.008578873
0.011731287
0.0083495695
0.014870303
0.014599375
0.01483797
0.021795169
0.01741218
0.010856189
0.016950848
0.012732876
0.0144654
0.010791161
0.017999087
0.019244937
0.012435723
0.0064648534
0.013278216
0.012428043
0.0075974404
0.01116441
0.01162406
0.008619989
0.024470557
0.016585922
0.0066792793
0.0083134575
0.012548083
0.014806984
0.012092997
0.021990256
0.009978218
0.0063011395
