0.042214584
0.08788849
0.13415991
0.11649188
0.049020655
0.08827104
0.03218878
0.05460467
0.03444798
0.026743162
0.026805364
0.02573505
0.024608685
0.024307076
0.030009875
0.019048711
0.016595883
0.026877841
0.022093954
0.015458159
0.029742176
0.023901075
0.017416479
0.016966835
0.018857772
0.027191719
0.019730208
0.015074238
0.016116038
0.015335009
0.016691871
0.015997754
0.022525234
0.012104305
0.021446321
0.01960439
0.018964343
0.015659139
0.020763371
0.016992973
0.012967083
0.023716386
0.026432173
0.017888997
0.015588681
0.013863042
0.022323912
0.012567735
0.023227744
0.015377791
0.013875256
0.017241864
0.0138795925
0.014493913
0.018909339
0.015744524
0.011513083
0.017344387
0.0224765
0.01416566
0.016231053
0.014287554
0.01285115
0.017199907
0.014232545
0.020903157
0.0130304685
0.013868749
0.017565679
0.011832795
0.01574854
0.018728798
0.009702151
0.011275208
0.0144087635
0.013886234
0.012839926
0.017697215
0.016975408
0.020539004
0.016124012
0.008141492
0.011076175
0.0100618815
0.017959315
0.0133719165
0.012026944
0.021730889
0.0130341165
0.011666389
0.010985349
0.015903816
0.010544314
0.01038979
0.009918407
0.009974256
0.011989392
0.014010366
0.009883969
