0.04797298
0.050199863
0.085317634
0.11305013
0.09655844
0.12656505
0.13293767
0.13234855
0.13865727
0.15026154
0.18101189
0.19600968
0.18560338
0.19007023
0.19711667
0.20957687
0.19337556
0.19940357
0.21117301
0.22334094
0.21321625
0.19423224
0.23736103
0.21835013
0.23490511
0.2159181
0.2504659
0.2195378
0.20495364
0.23321699
0.21600947
0.23786667
0.2502053
0.2350498
0.23453183
0.25378773
0.24011181
0.21808757
0.22555485
0.22735687
0.23429842
0.22247937
0.23801796
0.2335977
0.21800084
0.2503333
0.2605557
0.21084239
0.25030968
0.24182747
0.25371078
0.24436209
0.24586107
0.24295576
0.24425304
0.23391531
0.2414673
0.23675515
0.21997933
0.2517844
0.23695065
0.23130248
0.253905
0.2651419
0.23679037
0.21100251
0.23087718
0.22583802
0.2119506
0.2036858
0.25602192
0.24460915
0.2343321
0.23135935
0.23058708
0.2392215
0.22327317
0.22394365
0.21509975
0.2042693
0.19460577
0.07176932
0.058595464
0.06505063
0.049490146
0.04884113
0.05943016
0.058440056
0.07402406
0.046614483
0.07039626
0.06030716
0.09271701
0.06480497
0.069435045
0.106355935
0.09797842
0.10240217
0.09802401
