0.05923541
0.061049383
0.123337835
0.10130015
0.11530783
0.08940604
0.042874254
0.05909077
0.042042866
0.038220435
0.036856856
0.04926654
0.032545686
0.026408482
0.026511807
0.025039148
0.024043906
0.01872329
0.027185991
0.01860011
0.01624228
0.027753178
0.028799403
0.014093616
0.03130739
0.016905935
0.017901277
0.018358251
0.022610584
0.019250724
0.025310662
0.022740472
0.019747023
0.016723938
0.013873912
0.019675558
0.018397784
0.021695532
0.013416545
0.012834748
0.026873076
0.016952861
0.015194446
0.023242814
0.014903738
0.015081401
0.012532464
0.013611236
0.021795262
0.0241785
0.014547743
0.017799517
0.016448291
0.024777226
0.012437289
0.01548883
0.012182033
0.020640152
0.011372367
0.015653947
0.013052625
0.01967323
0.017189074
0.012384706
0.012182862
0.016494734
0.013555698
0.01951933
0.01030294
0.008243859
0.012232445
0.013053341
0.013708977
0.011924128
0.015477862
0.01465803
0.019300992
0.019349808
0.0134071335
0.012278769
0.0113626905
0.010235819
0.012422901
0.010579294
0.014350318
0.020662144
0.011121937
0.0122934915
0.010246191
0.013337365
0.019591844
0.017632725
0.012546179
0.018259227
0.012441944
0.00810283
0.014320817
0.008794791
0.017288314
