0.051880267
0.045224503
0.053955976
0.08919824
0.12270089
0.09891012
0.12169948
0.14023869
0.13323803
0.1451994
0.107898176
0.13180305
0.15042238
0.16097164
0.15433829
0.1939304
0.18138804
0.170582
0.21361469
0.22037174
0.21149424
0.22625169
0.21962282
0.21768232
0.22106104
0.23278248
0.23149008
0.23964758
0.24495508
0.24545136
0.2171421
0.22026755
0.23142761
0.23552598
0.2299524
0.25416028
0.26043105
0.24149169
0.24418966
0.23635517
0.23915693
0.25913382
0.2330414
0.26943487
0.27087036
0.24391979
0.24928825
0.25855294
0.25700566
0.24098007
0.2564411
0.24166484
0.24850006
0.25806233
0.24717516
0.26174608
0.25060436
0.26179755
0.25240836
0.25137264
0.24250537
0.25817573
0.2591923
0.24920182
0.25010782
0.25553182
0.25429586
0.26552126
0.25619367
0.26636094
0.24551024
0.24569343
0.2664487
0.24715671
0.26880267
0.22328721
0.25371712
0.2698063
0.25120562
0.25003767
0.26424798
0.25521195
0.23131847
0.26208794
0.2646948
0.23916161
0.25993818
0.2416818
0.2605673
0.2551717
0.24799892
0.24310358
0.26055923
0.27342796
0.23854582
0.2519957
0.26456475
0.25508955
0.25746325
