0.1715694
0.13840152
0.16754243
0.17670766
0.054331023
0.18478905
0.1966196
0.17957656
0.2345818
0.22023807
0.21019681
0.21270505
0.23931049
0.21583165
0.21733406
0.23380402
0.23148769
0.23959398
0.21883047
0.20812328
0.24267744
0.2303184
0.19984604
0.21272942
0.24609572
0.22154509
0.24262679
0.21818174
0.21861172
0.22067353
0.23062102
0.24351679
0.22356845
0.20905879
0.22053513
0.1970699
0.0746889
0.06795834
0.056631986
0.093205534
0.06482967
0.09245288
0.053652458
0.08116691
0.06704724
0.07365407
0.057162657
0.097175345
0.04577331
0.06853731
0.06965734
0.08320359
0.052095793
0.07190804
0.0788853
0.065059975
0.06979806
0.09088077
0.049203597
0.055554662
0.049277
0.038352676
0.034873504
0.043885987
0.054171875
0.06720122
0.032365046
0.037462518
0.035842944
0.048672117
0.0539566
0.048768558
0.040641595
0.032309774
0.034109097
0.04198043
0.045615505
0.04353395
0.043276954
0.035768587
0.048657887
0.03936833
0.041905485
0.018552
0.041739613
0.04217815
0.04678517
0.03984574
0.04219064
0.034972135
0.034865897
0.031181956
0.04261366
0.044478506
0.033367965
0.02050547
0.028305313
0.024832677
0.034265187
