0.11866752
0.23210844
0.33091962
0.31844664
0.34126937
0.3480491
0.32859668
0.34420267
0.3548984
0.3358196
0.3247534
0.13800508
0.10146662
0.0941614
0.04533581
0.043631148
0.03055669
0.032161787
0.025050556
0.023362212
0.024258973
0.023597227
0.020546148
0.03018476
0.027280258
0.02015961
0.02310391
0.019047376
0.023616474
0.021197041
0.021773858
0.025668269
0.024326181
0.026239201
0.018203773
0.019437259
0.020456934
0.015449429
0.020068724
0.017596854
0.017538868
0.022639062
0.013387068
0.017803472
0.025778387
0.013095493
0.011505454
0.011491676
0.012900074
0.013975986
0.015093169
0.015579915
0.019470261
0.016155079
0.013989021
0.017948227
0.0148602
0.012019597
0.015113434
0.011438207
0.010797605
0.014320498
0.016650788
0.011811305
0.01978462
0.01276859
0.014389934
0.013261146
0.01064337
0.012911815
0.010157553
0.015377842
0.012261026
0.0150450915
0.02097293
0.0077937096
0.011659375
0.007924847
0.011609885
0.012576362
0.012175945
0.013905252
0.010200159
0.017532587
0.008115755
0.007534707
0.012260618
0.014832573
0.015525893
0.0049560415
0.008539026
0.02293574
0.011616716
0.0096792905
0.010690881
0.016413523
0.010614591
0.008686644
0.010601287
