0.13027336
0.06357134
0.07902296
0.07291482
0.16146791
0.111959964
0.1234007
0.17506877
0.16338818
0.13825716
0.16344471
0.18057424
0.2198396
0.16896504
0.22245497
0.16340773
0.26035255
0.27371758
0.24499008
0.22148804
0.23321
0.2587052
0.28159434
0.26995665
0.28656524
0.27596512
0.2741198
0.30995914
0.26689425
0.28063133
0.29393148
0.2796298
0.29409403
0.32509902
0.27980047
0.2948155
0.30017433
0.2910144
0.3300607
0.325889
0.34252062
0.33182594
0.30628294
0.31388417
0.31939918
0.30643022
0.28888777
0.3194561
0.32699648
0.31242266
0.32844406
0.3042986
0.3021272
0.31597316
0.31290278
0.3240101
0.32145372
0.318836
0.3025812
0.30204818
0.32050934
0.3321971
0.2857684
0.33884212
0.31591934
0.30562037
0.32579547
0.31732148
0.3317636
0.3266904
0.3069923
0.294419
0.31419426
0.2864494
0.29985642
0.32739937
0.34749797
0.3159919
0.34291825
0.32615733
0.31240183
0.32472423
0.33163717
0.31708634
0.30105755
0.32546118
0.32557464
0.31331134
0.29733095
0.31720507
0.32648078
0.28835836
0.3252975
0.28764522
0.28164747
0.30584186
0.29974756
0.27337012
0.26701915
