0.082755804
0.04845625
0.060069468
0.07271106
0.10572238
0.112466305
0.085546784
0.13134924
0.10370196
0.12039566
0.14840458
0.16254984
0.111272775
0.15685414
0.1559057
0.18251383
0.18664022
0.1981797
0.23654735
0.21474408
0.19009109
0.21431582
0.22696865
0.24673018
0.2575192
0.2735403
0.2552971
0.21458863
0.22802953
0.23735377
0.24762511
0.24053268
0.2637637
0.2793707
0.27372268
0.26693928
0.2802335
0.28053528
0.2687546
0.22888039
0.2703226
0.26177165
0.2593824
0.29256403
0.28547773
0.27839717
0.2909726
0.29458827
0.29228154
0.24784222
0.31540513
0.32054347
0.33334273
0.30783018
0.26643884
0.30401194
0.28266582
0.29909053
0.29705378
0.31218505
0.2881553
0.3223418
0.3269228
0.3115215
0.31050378
0.27998722
0.30012462
0.32305223
0.33237633
0.3440522
0.32470226
0.30497926
0.33997038
0.30903494
0.28684303
0.27177092
0.32219613
0.32949722
0.32900476
0.292461
0.30425382
0.33069938
0.3407357
0.29438287
0.3229073
0.30974966
0.32097656
0.31258905
0.34593257
0.31442308
0.3137055
0.30939937
0.28935924
0.27892235
0.24116921
0.16647914
0.05316288
0.049428873
0.065953456
