0.14120527
0.11055013
0.04445061
0.094812244
0.080881424
0.14606544
0.1163277
0.14352041
0.13193016
0.20224638
0.18285708
0.22935477
0.19763145
0.18894036
0.20245852
0.21695049
0.23664595
0.21651976
0.23218633
0.22027053
0.21763203
0.11028901
0.05271766
0.085363455
0.07760752
0.07676169
0.07214834
0.08708045
0.10143952
0.08403233
0.09702789
0.09353926
0.07632614
0.06532656
0.037614956
0.035739224
0.03176157
0.05351409
0.033729248
0.03982326
0.030788403
0.041010465
0.044443306
0.054479353
0.034824174
0.023037422
0.029916517
0.023916947
0.029338086
0.040406544
0.03602265
0.021900369
0.031547066
0.036381636
0.038607284
0.038282987
0.033032585
0.022062527
0.028345205
0.024429074
0.029231621
0.024391748
0.024577262
0.025342042
0.031497438
0.03145039
0.029273346
0.028378544
0.029882707
0.042194318
0.03128874
0.020087268
0.018783122
0.032401703
0.026711332
0.024668612
0.023809465
0.03569621
0.03647076
0.034895193
0.029970162
0.032537512
0.031403907
0.038375005
0.025908554
0.022610834
0.026510872
0.020909114
0.01955439
0.029537715
0.023665331
0.016348507
0.022591753
0.030736862
0.020097816
0.025391757
0.019827513
0.017148066
0.017768852
