0.119148046
0.094172165
0.04937828
0.08190407
0.029611308
0.04421142
0.02574934
0.027633233
0.031196412
0.019423129
0.024217283
0.020765372
0.02812748
0.020967321
0.01701913
0.019353477
0.033017177
0.019571394
0.017782278
0.019258818
0.024530843
0.019564517
0.023831485
0.02037838
0.015708486
0.01697398
0.015998334
0.024926694
0.016134713
0.025743945
0.012558682
0.019389449
0.02633664
0.013336675
0.016033772
0.016146595
0.019845456
0.014902677
0.015241663
0.011034214
0.013601648
0.031159133
0.016728863
0.0117011275
0.019447828
0.014530901
0.015094825
0.01814361
0.016400745
0.024866596
0.021831019
0.015111873
0.0141097875
0.010935732
0.014696621
0.02416194
0.011814038
0.01135651
0.011085613
0.0115775345
0.010255135
0.017357748
0.019923571
0.011942544
0.009946619
0.0063845026
0.011053114
0.012081814
0.014087615
0.013143588
0.014319866
0.019631196
0.013884373
0.0107511645
0.013703583
0.013440828
0.009151146
0.013864599
0.015975796
0.016000835
0.0099742515
0.015403886
0.017033387
0.010894241
0.017788874
0.01247883
0.013764854
0.016378496
0.010176205
0.010038999
0.014211577
0.01270698
0.009134723
0.018631846
0.012334336
0.010404382
0.008748905
0.011296434
0.010968037
