0.2686986
0.17922865
0.15416358
0.1415689
0.1260644
0.101389274
0.05700765
0.08160697
0.073656745
0.07254974
0.12537827
0.13024335
0.116039515
0.11159967
0.16284788
0.123477735
0.14167409
0.12487458
0.20432723
0.16309322
0.17174546
0.18216972
0.16449426
0.19539082
0.19119687
0.2032159
0.20786719
0.24140137
0.18896942
0.21468246
0.24315503
0.23567922
0.2619323
0.26636082
0.25426376
0.2783374
0.27173415
0.248493
0.27685803
0.27393234
0.26457697
0.28556415
0.2955529
0.26222107
0.28781956
0.30248505
0.29962727
0.28259468
0.2825205
0.29349574
0.2899635
0.30647844
0.26808435
0.30580813
0.34044656
0.34267735
0.35125956
0.3023586
0.28704876
0.32047477
0.3103795
0.32893
0.3250637
0.32244378
0.35137907
0.31256744
0.33314186
0.33425292
0.2932501
0.33216736
0.31434715
0.31944093
0.3457607
0.31481618
0.3377767
0.28245708
0.31008753
0.3189994
0.32986262
0.31257322
0.32150343
0.3294189
0.32060206
0.33089253
0.33204633
0.3298957
0.35231882
0.35043493
0.33754137
0.34140763
0.3311721
0.32787055
0.3475206
0.3379373
0.34261256
0.32872984
0.327255
0.3397478
0.3239095
