0.10152299
0.054719467
0.06833514
0.09880713
0.09122734
0.11118953
0.109667934
0.12445709
0.11298056
0.14030106
0.16148978
0.15147519
0.17825368
0.16915211
0.15047999
0.16844966
0.20391895
0.16909926
0.17626876
0.19363393
0.18328775
0.2015206
0.18846996
0.20836596
0.22825351
0.19291435
0.18400191
0.21286243
0.2270191
0.19673896
0.20704156
0.21751058
0.22978482
0.22706519
0.19831218
0.23078656
0.22057158
0.24157296
0.24143326
0.23466052
0.2319007
0.22204518
0.25747612
0.22941901
0.2533118
0.240104
0.23249151
0.2536155
0.2391792
0.25232884
0.24163088
0.23246035
0.23942184
0.24357836
0.23605494
0.23786607
0.2591525
0.24348563
0.23751135
0.2542444
0.24583186
0.2483468
0.25668007
0.2441253
0.21561937
0.24300033
0.24627572
0.22699714
0.23807962
0.25798646
0.24168438
0.22479653
0.18729244
0.09710395
0.04505651
0.051619157
0.062479418
0.06459883
0.0580348
0.051653735
0.051624373
0.04964158
0.049949966
0.07424535
0.05226429
0.032051247
0.05405619
0.041860312
0.04407933
0.024884144
0.04999745
0.038168833
0.03815477
0.031885315
0.026598811
0.0322064
0.037170783
0.026348311
0.027402496
