0.055372596
0.0441535
0.071647495
0.07564575
0.08320632
0.12042257
0.13277781
0.10441846
0.121819966
0.15680732
0.15969573
0.21786603
0.18948919
0.19685508
0.18564215
0.18270056
0.17435016
0.17853874
0.22079909
0.22957276
0.21294332
0.20590895
0.2061871
0.23804304
0.21881756
0.22887067
0.24731494
0.20907404
0.2159551
0.21676823
0.25494912
0.2138658
0.24689743
0.24568695
0.22885065
0.24344045
0.23467875
0.24310324
0.25060531
0.22335504
0.24834023
0.25375405
0.2641314
0.24278188
0.2357574
0.26007622
0.22440797
0.24040546
0.24619958
0.25814372
0.25648394
0.2561564
0.24730681
0.2615781
0.2499045
0.23510695
0.23707187
0.24504904
0.26034564
0.24427423
0.25826198
0.25887132
0.26842207
0.2637423
0.22873344
0.24817926
0.2453995
0.26468426
0.25433692
0.25591373
0.2420704
0.2653532
0.27569896
0.26026142
0.24900009
0.23933011
0.25403222
0.26035997
0.24220385
0.26465094
0.2435608
0.24846159
0.2474979
0.25749132
0.250083
0.2529433
0.25101098
0.22985071
0.26390287
0.24679501
0.25151002
0.23984863
0.17278124
0.08506595
0.07485611
0.0782565
0.08818441
0.063829824
0.06686434
