0.08021295
0.13722976
0.22242644
0.20421226
0.20650454
0.22019304
0.2945711
0.2707903
0.265715
0.22687313
0.28381926
0.29521823
0.2652625
0.31400743
0.2728939
0.28157252
0.30000693
0.30579206
0.31473145
0.28961107
0.28355816
0.05826722
0.07627773
0.05646968
0.06319818
0.05325239
0.07189259
0.05855822
0.10100744
0.04948015
0.1736743
0.079547875
0.08499387
0.13329284
0.118589066
0.11702846
0.14451389
0.08887186
0.06896724
0.05081169
0.064037584
0.04059286
0.034756012
0.04012916
0.023976259
0.031015024
0.031752538
0.03961023
0.034793667
0.053709015
0.035430986
0.031396173
0.031514242
0.02714965
0.03320683
0.026547793
0.0301931
0.029442368
0.032905664
0.0198021
0.041595038
0.03474623
0.031195225
0.02928392
0.026475705
0.0319241
0.051481895
0.0679276
0.042757668
0.038384415
0.04867604
0.047765713
0.03972699
0.044973463
0.038534567
0.025270864
0.051426828
0.037374742
0.039645825
0.031899042
0.018895278
0.02545506
0.031211505
0.0314085
0.028116887
0.033169318
0.031752348
0.022152737
0.021773389
0.03092169
0.021114925
0.02219454
0.031221202
0.030200288
0.03007574
0.029047117
0.030820183
0.048582993
0.033158947
