0.059437003
0.07996657
0.101418346
0.1006041
0.055666495
0.041834597
0.058297265
0.039422236
0.039136253
0.03424376
0.036403786
0.03171693
0.031118978
0.023859303
0.030947406
0.025314465
0.030887939
0.025816577
0.02658504
0.02837693
0.01936248
0.020613307
0.035697445
0.030262958
0.021508964
0.022755863
0.024967853
0.022978785
0.022921532
0.01430917
0.029755037
0.012234379
0.02188061
0.030989436
0.016619587
0.027966477
0.019004777
0.025566524
0.017717851
0.020677188
0.018174892
0.019785618
0.015117711
0.023207577
0.016699092
0.011516636
0.022983883
0.014586781
0.019113978
0.019454734
0.013237099
0.019766329
0.01605991
0.020594278
0.018154034
0.016037893
0.015210653
0.012580343
0.021735897
0.017679574
0.011972573
0.02834049
0.027900385
0.015914198
0.021043453
0.01382179
0.017457914
0.015599743
0.013838485
0.020424701
0.019683957
0.014881588
0.009463352
0.012001367
0.019902317
0.013914702
0.014621945
0.01686025
0.011482924
0.012302795
0.016233336
0.0147085
0.012669547
0.012765741
0.015607217
0.011691395
0.0084693525
0.009814303
0.018763024
0.015870929
0.013290501
0.014243581
0.026334098
0.014400832
0.013881663
0.018715283
0.010096293
0.016925374
0.011511098
