0.072490916
0.10364226
0.123730205
0.1173075
0.110382296
0.066024944
0.06005459
0.023817338
0.03530549
0.03464201
0.03515851
0.019222988
0.026183354
0.026991902
0.030814521
0.02300833
0.019522632
0.015510968
0.019315751
0.021752072
0.026811533
0.015608623
0.024440061
0.011344636
0.022200273
0.021555359
0.027663114
0.016852317
0.015714617
0.020587675
0.01576273
0.014057821
0.011926764
0.01263199
0.012231509
0.019331101
0.009722512
0.014344208
0.015538481
0.017997317
0.014605588
0.014259909
0.019459158
0.010782398
0.015939968
0.017816614
0.009451365
0.009084862
0.014872574
0.01901629
0.014351868
0.014701616
0.021311907
0.013198811
0.010335579
0.020774914
0.016097223
0.017064765
0.009780144
0.011130592
0.010433315
0.0101398565
0.013659929
0.0155387735
0.013723241
0.008373979
0.008581019
0.009812114
0.01329583
0.012395294
0.009608538
0.014418115
0.0064972155
0.019399706
0.0154906735
0.020382421
0.01360047
0.009219855
0.012644256
0.005648767
0.012437928
0.008213157
0.010834468
0.010006454
0.007907295
0.010083943
0.0054698694
0.009198037
0.006970829
0.008826495
0.011456773
0.009420936
0.012418149
0.010231049
0.008479319
0.0076360484
0.008340353
0.011340322
0.017585786
