0.056344952
0.0723277
0.16840902
0.14253439
0.17490269
0.14901535
0.17022984
0.17493562
0.17083572
0.22718994
0.25534227
0.17582631
0.19548942
0.20091069
0.2597195
0.24043903
0.19021875
0.23561595
0.2401425
0.29340887
0.26646218
0.23065442
0.26856717
0.25672308
0.28365642
0.2676291
0.27267668
0.2555497
0.279666
0.26513094
0.28180772
0.2921131
0.29437265
0.28825548
0.29266945
0.28481945
0.305224
0.31196013
0.29476357
0.28636006
0.31371906
0.2922712
0.31890613
0.3074906
0.3282213
0.29264954
0.29309225
0.31931952
0.32712284
0.29967126
0.26309597
0.28887665
0.3086858
0.31022042
0.33919343
0.34132406
0.28361306
0.28854167
0.3426387
0.29559577
0.33461282
0.29272667
0.3213306
0.28046393
0.25611386
0.2735279
0.30703476
0.27034807
0.2432737
0.23493406
0.12061609
0.041865636
0.05972301
0.055159066
0.051942825
0.060015395
0.052206483
0.032129087
0.068506174
0.038099904
0.06411437
0.05328944
0.08157533
0.08383998
0.029849159
0.033163007
0.021146836
0.034386314
0.04072346
0.023996726
0.031713516
0.023934804
0.022800274
0.019933173
0.020421738
0.033506386
0.041293494
0.04243517
0.034352176
