0.04812089
0.06815536
0.11393082
0.12829132
0.12158257
0.14787623
0.15291701
0.14863989
0.17330427
0.19129737
0.17186008
0.20247619
0.19097832
0.22275075
0.18358803
0.22329384
0.24863221
0.2453416
0.22189134
0.22929075
0.23395075
0.21907887
0.24712746
0.22647728
0.23699543
0.22240783
0.2243817
0.22177298
0.24732639
0.23463115
0.25438544
0.22155544
0.2399364
0.24909043
0.2484125
0.25099248
0.22655311
0.2382015
0.2551948
0.2582465
0.26280066
0.2625913
0.21492848
0.23579785
0.24497256
0.22845446
0.23306985
0.23592082
0.25438935
0.22227308
0.23136096
0.2162499
0.2557892
0.2380752
0.19587202
0.21550868
0.09797004
0.057316996
0.056924198
0.048345428
0.054442275
0.039676774
0.06682919
0.054363836
0.04085642
0.050492153
0.044647828
0.027579822
0.028561514
0.04409216
0.033311404
0.041654933
0.037325237
0.05647731
0.0688767
0.046265144
0.03936218
0.041612353
0.035561595
0.029795343
0.031660877
0.033194292
0.027960645
0.031058071
0.025859484
0.029162763
0.031548787
0.040805176
0.03694683
0.038343694
0.045867626
0.034048654
0.041443754
0.02579331
0.04409672
0.039336022
0.038967017
0.03862019
0.031417705
