0.11062165
0.20863125
0.25164148
0.3070364
0.31237394
0.34276965
0.3109983
0.34393734
0.33558723
0.10941885
0.0846392
0.10851406
0.08342842
0.073311545
0.040186893
0.044527005
0.040186476
0.027787095
0.035669547
0.025081519
0.02435301
0.024551747
0.01813926
0.024322774
0.02098649
0.020772636
0.02786079
0.023258936
0.017559642
0.016697038
0.020589106
0.020529531
0.023211382
0.01871698
0.015493096
0.025815483
0.022521794
0.015749922
0.014906894
0.028426565
0.0214779
0.014849048
0.017152939
0.02289999
0.019062927
0.016492082
0.014608503
0.013798553
0.017710568
0.01644111
0.018668031
0.018332466
0.015644457
0.015855782
0.0123820845
0.019480146
0.016313788
0.014619834
0.017289355
0.015622976
0.011970755
0.011915899
0.014672876
0.0139321815
0.014150744
0.017221348
0.019243328
0.010450876
0.011559213
0.018039677
0.021663876
0.012326411
0.011877275
0.010684939
0.021015147
0.010587442
0.018022042
0.014182034
0.010420566
0.0116784
0.015377342
0.02149619
0.016228374
0.014207387
0.010774446
0.0082286745
0.010945564
0.012591425
0.013933757
0.016899716
0.011748007
0.008375684
0.015772227
0.013427124
0.01168324
0.013872422
0.011824253
0.018134568
0.014392774
