0.15992418
0.1550883
0.15500563
0.16761586
0.20069535
0.06733093
0.122575626
0.13044608
0.17626426
0.1701266
0.16952239
0.19626687
0.235646
0.23595949
0.19412805
0.26447108
0.29359964
0.21946752
0.22756724
0.24311583
0.26443925
0.26663312
0.2604085
0.23268753
0.29789087
0.27392018
0.30602086
0.2881172
0.3053323
0.31061712
0.27772295
0.2871285
0.28715107
0.27970996
0.28888094
0.29958358
0.26548854
0.30771837
0.2924617
0.3023168
0.2807891
0.29511505
0.28148034
0.31210634
0.22994225
0.058353253
0.06715945
0.049469855
0.057985205
0.07426753
0.05319651
0.06671214
0.059870683
0.03852824
0.056426864
0.058846984
0.056618426
0.04733448
0.043425478
0.07668221
0.052896358
0.07036462
0.046653703
0.055586632
0.07203804
0.059518255
0.06450301
0.0691595
0.075132824
0.056066327
0.039054655
0.044551834
0.020411348
0.036982533
0.027595874
0.01931499
0.029235747
0.019030489
0.01923312
0.036249712
0.029861463
0.03351263
0.025655776
0.019555861
0.024631714
0.021384241
0.04609626
0.04769864
0.049461037
0.03621036
0.019267779
0.022200087
0.031975172
0.02042051
0.033402238
0.027461946
0.028199438
0.03921732
0.026131917
