0.17543603
0.18026967
0.17079937
0.1494711
0.083854474
0.089066274
0.1009367
0.115431845
0.15769723
0.123750605
0.14764284
0.14427392
0.16609101
0.1881961
0.19854437
0.1702854
0.20588979
0.18313946
0.23696811
0.19768089
0.21877953
0.24190651
0.2204392
0.23747349
0.21817301
0.24620706
0.23252353
0.23967163
0.2539695
0.25242174
0.2200415
0.22563139
0.2242456
0.21384624
0.24384847
0.24964194
0.23753443
0.25940576
0.2463065
0.24413493
0.24251214
0.23375973
0.24947448
0.26201448
0.25559303
0.23554035
0.24879625
0.24204303
0.26577944
0.23528492
0.24314828
0.2602595
0.24343242
0.26301792
0.24607256
0.25302273
0.25175154
0.271372
0.26563856
0.25587305
0.266326
0.2517351
0.25699893
0.24942134
0.25254023
0.2591024
0.26833695
0.2606599
0.25814107
0.26110995
0.26030073
0.24743488
0.2512088
0.24088047
0.25540906
0.2583572
0.2585744
0.26356027
0.25138485
0.27270952
0.25225297
0.25288737
0.2512713
0.2577037
0.26370564
0.24992153
0.27079707
0.2597909
0.25791985
0.24883677
0.2495684
0.26035747
0.2360524
0.26511705
0.26090106
0.25772122
0.25362512
0.257775
0.2695471
