0.22845395
0.15467767
0.16615365
0.20060521
0.20393097
0.12611984
0.17497379
0.15723217
0.20904146
0.24822532
0.24275914
0.25037593
0.27717093
0.24941519
0.2296814
0.24892728
0.30383906
0.23598662
0.28564048
0.32589024
0.26063403
0.32703906
0.3154491
0.3180132
0.3004568
0.3252273
0.29790968
0.30623502
0.33305007
0.2932462
0.33805946
0.3190987
0.33240578
0.3069084
0.34743562
0.27464327
0.30677104
0.30524915
0.33252075
0.3422643
0.31817698
0.3129906
0.31268707
0.3169785
0.307877
0.27988887
0.32207394
0.33265188
0.31086347
0.33564058
0.33334327
0.3214661
0.30863407
0.3327795
0.31385738
0.3398918
0.3193625
0.3435505
0.34360892
0.32024273
0.30814964
0.3334047
0.34132493
0.31468064
0.33510727
0.34515026
0.33875328
0.33885288
0.31629574
0.3119448
0.3482704
0.36014944
0.32194152
0.3383377
0.3220462
0.31440964
0.31923264
0.33199126
0.3353025
0.30560374
0.33688435
0.31067193
0.2872567
0.31439885
0.2646953
0.288356
0.28453243
0.32840687
0.2966437
0.28215328
0.27944067
0.2062507
0.07332707
0.07886851
0.0608472
0.05877018
0.045988027
0.08998385
0.045377735
