0.2023237
0.18072423
0.20284994
0.049451113
0.05959918
0.09181789
0.13150965
0.14471
0.14843394
0.17558683
0.17003073
0.1858862
0.17226313
0.15048401
0.15685852
0.19508146
0.22871113
0.24032582
0.21414772
0.23578407
0.23301885
0.23400313
0.2548502
0.24813515
0.24249578
0.24620098
0.24447322
0.25621626
0.260113
0.27965167
0.26424062
0.26874933
0.25869945
0.27678445
0.28891337
0.30785835
0.2663259
0.27368134
0.29706693
0.26726827
0.30023608
0.27239832
0.24882694
0.13949205
0.06616463
0.05915594
0.08208754
0.067076035
0.071385115
0.071992226
0.05541851
0.07737
0.07882708
0.04855092
0.042843502
0.05782955
0.05155791
0.045609515
0.056309853
0.061753124
0.061289564
0.044965666
0.05814585
0.066573665
0.07394793
0.10246881
0.08245394
0.13355681
0.10485925
0.123389065
0.093444124
0.03752891
0.036532115
0.061598174
0.055729225
0.06584324
0.047485165
0.020330923
0.020978099
0.033446014
0.037087377
0.028273666
0.035828866
0.03752414
0.04422411
0.033572175
0.041526854
0.030653208
0.029550765
0.028794896
0.047095858
0.044872355
0.028608752
0.020113293
0.026471982
0.025128867
0.03763242
0.03927839
0.034439344
