0.04541618
0.067501575
0.07635718
0.10241567
0.109948285
0.11922629
0.14845866
0.14722905
0.18096039
0.16451408
0.20387681
0.19275144
0.20129935
0.20370312
0.2260771
0.19864772
0.2205809
0.21801636
0.23431277
0.2339125
0.24168806
0.21060185
0.23446551
0.22959515
0.25220612
0.24054104
0.21210538
0.24144654
0.23260872
0.23004898
0.22931051
0.24117295
0.24901058
0.25343832
0.2573462
0.25608736
0.25904486
0.25539622
0.2317102
0.25493163
0.2504631
0.24909428
0.24352558
0.2573887
0.24979062
0.23610143
0.25089073
0.26234725
0.26519075
0.2639731
0.2641318
0.23926
0.25245476
0.26640585
0.24991064
0.26611215
0.24705341
0.25162318
0.2456859
0.23577689
0.24190424
0.2435554
0.256627
0.2535032
0.23547155
0.2376433
0.22086209
0.23738982
0.2589723
0.22505763
0.22890283
0.23164031
0.2337766
0.19913366
0.23002638
0.22709647
0.24164124
0.22955713
0.260534
0.25971013
0.23769055
0.26412526
0.23741226
0.27281445
0.24154167
0.25654286
0.26572165
0.25073624
0.22496171
0.230697
0.26824707
0.26419494
0.26069367
0.26152623
0.23856758
0.24168667
0.2697435
0.26317546
0.27065945
