0.055012215
0.06487192
0.07463564
0.11943467
0.121249944
0.116588764
0.110452965
0.11843695
0.17929325
0.13426937
0.16285415
0.16216195
0.18216623
0.1782203
0.17797698
0.19285223
0.18363313
0.18410642
0.19931975
0.23557767
0.2027989
0.22860257
0.22235407
0.18086258
0.21149173
0.22448646
0.2310493
0.23755707
0.21148135
0.24412675
0.22024539
0.2335798
0.22697276
0.19523141
0.23513989
0.24049105
0.23972246
0.24129455
0.24181648
0.25292778
0.23770814
0.24220291
0.2542901
0.22312453
0.23764807
0.2311514
0.22547545
0.21961237
0.24659692
0.23459174
0.22630446
0.25332105
0.24439548
0.19604744
0.18834443
0.23679593
0.24537985
0.25973937
0.22123922
0.24809285
0.26631847
0.2384733
0.2519837
0.22470534
0.24548034
0.234362
0.22504698
0.20384349
0.086615436
0.09797936
0.04504266
0.06833794
0.04816123
0.040854085
0.0577103
0.051520113
0.05543369
0.04791277
0.04391722
0.06548985
0.03592083
0.05897619
0.059468824
0.05323545
0.031745385
0.056525204
0.041745547
0.034331493
0.03806343
0.052188177
0.036883507
0.035096265
0.027114302
0.031778473
0.029030962
0.017243044
0.035199035
0.041433994
0.031536516
