0.07005955
0.051000424
0.05475344
0.072439745
0.063872926
0.057539243
0.08798537
0.086160466
0.07376537
0.11648757
0.124851756
0.13145633
0.13955551
0.131735
0.11307807
0.14525421
0.15742043
0.15407696
0.18010403
0.16842365
0.20635107
0.20382404
0.17956145
0.17190559
0.20469992
0.21524467
0.21652704
0.2240251
0.20747346
0.21713066
0.18803969
0.20428611
0.22999962
0.20230685
0.2269225
0.22318947
0.22276416
0.23483044
0.22951367
0.20175165
0.24438393
0.24620202
0.22430576
0.21840784
0.24543522
0.24055943
0.23570266
0.2463189
0.23779838
0.24437685
0.25473288
0.24383594
0.22882855
0.22304547
0.25364423
0.22554477
0.2373816
0.23860943
0.25211272
0.23770836
0.2351676
0.23808539
0.24511027
0.25260016
0.2454513
0.24548334
0.24242304
0.23823981
0.23082848
0.27132252
0.2533862
0.24053359
0.2581398
0.2571516
0.23171458
0.24258141
0.24784555
0.24539213
0.26174846
0.2616702
0.25911584
0.26597062
0.26042724
0.25849852
0.25977436
0.24832688
0.2521725
0.2611177
0.27063343
0.26248726
0.2532802
0.261269
0.24465004
0.24114037
0.23399381
0.25747898
0.23962036
0.24670961
0.26604512
