0.05418239
0.06396553
0.08258755
0.11565766
0.09124907
0.12445939
0.12400271
0.12588696
0.1289825
0.119913965
0.15582405
0.1467261
0.14068165
0.16288601
0.17625907
0.19258496
0.16585635
0.19608119
0.20477748
0.19430684
0.19694453
0.22025907
0.2298337
0.22758344
0.20495477
0.19802819
0.20784496
0.21247561
0.22782676
0.24527377
0.22675495
0.2339331
0.22909245
0.22643432
0.23208295
0.2344959
0.24006677
0.24013157
0.23237629
0.23589736
0.21644342
0.22672181
0.23719957
0.25312492
0.24285062
0.25044033
0.25285816
0.23841673
0.21913747
0.2524608
0.23024303
0.24070902
0.25209254
0.23529154
0.23629314
0.23007944
0.22758575
0.2499884
0.22091044
0.24182193
0.22642621
0.22472106
0.24739969
0.21419181
0.24602301
0.22252223
0.23354164
0.21744944
0.23502691
0.24609105
0.25315103
0.2572933
0.22119515
0.246454
0.23637676
0.22983311
0.22077315
0.23602217
0.24409987
0.22299872
0.22330563
0.25539428
0.23375654
0.07670073
0.052914903
0.062453948
0.051898144
0.049811844
0.054274734
0.06723942
0.043569963
0.10017651
0.055128735
0.076618165
0.105348125
0.07704496
0.10475599
0.09038406
0.09059
