0.088412285
0.10198773
0.083252884
0.059713576
0.05373229
0.02845096
0.039106786
0.026828246
0.032893084
0.030974785
0.026374856
0.023449654
0.018139457
0.02868382
0.021460323
0.024895284
0.025619948
0.029781869
0.019455262
0.017014902
0.02009157
0.018480001
0.026467891
0.01995319
0.012468415
0.02847476
0.021467062
0.02134908
0.015501676
0.016751288
0.024866302
0.013171195
0.018068764
0.015339927
0.020619316
0.012425586
0.032616664
0.018228715
0.017751817
0.013492057
0.015406582
0.026566826
0.01699011
0.016844116
0.022413325
0.020438915
0.015483415
0.01649514
0.019101746
0.021344006
0.012624997
0.019985791
0.013374408
0.018443173
0.019396817
0.012782623
0.011593799
0.014389409
0.024757681
0.012940317
0.020322612
0.010263464
0.017037535
0.016409503
0.01568066
0.017781297
0.012690387
0.012655381
0.014971266
0.009501599
0.01243574
0.012065084
0.013077077
0.011999422
0.013437448
0.019391468
0.013913451
0.017219674
0.01318955
0.024592867
0.018603133
0.012707066
0.009733926
0.013602173
0.011310931
0.010838553
0.0112326015
0.013345756
0.009905449
0.008414275
0.01258515
0.0128629925
0.011571881
0.010265959
0.023268258
0.01794983
0.01375513
0.008829714
0.012251449
