0.08369484
0.11956914
0.13161424
0.14745438
0.15768495
0.16681837
0.1875384
0.22770645
0.21400225
0.21230051
0.19831464
0.21720448
0.23924786
0.21263261
0.24452934
0.23091857
0.22790214
0.20843635
0.20837633
0.23781736
0.22061504
0.22016355
0.23713858
0.21074629
0.23997167
0.17706244
0.06394067
0.04369607
0.06277112
0.06653316
0.058415294
0.06308054
0.052197557
0.055292416
0.058111418
0.0459472
0.066431575
0.04494306
0.08691362
0.07550549
0.06790386
0.05309419
0.04033078
0.03321319
0.03845953
0.051261775
0.03781235
0.041429523
0.05254114
0.040221687
0.05069814
0.03296414
0.036297876
0.027075928
0.026761439
0.0376266
0.061326332
0.039046142
0.030123994
0.044018302
0.039077993
0.028610514
0.04288204
0.03342748
0.038898695
0.046447713
0.037268758
0.040093273
0.02885968
0.037242163
0.029635685
0.040644422
0.04147681
0.028893478
0.03266519
0.01911443
0.02319638
0.033850867
0.031586837
0.042882867
0.042447552
0.02024753
0.036314916
0.033037737
0.033835784
0.031136096
0.02369172
0.030651383
0.027015783
0.028408097
0.020776413
0.022097694
0.028444033
0.02791009
0.036483597
0.027168982
0.03471018
0.036953893
0.02413831
