0.05000998
0.12092465
0.19021492
0.16898899
0.20915282
0.21130379
0.24401838
0.2755168
0.27337435
0.3022856
0.25437957
0.29429555
0.2875815
0.31675535
0.29928574
0.29612884
0.30443102
0.31001574
0.350099
0.32663906
0.34318858
0.33845308
0.33885986
0.34139535
0.34765962
0.34844512
0.3427039
0.3568367
0.34658
0.35825187
0.35107875
0.33291882
0.35443762
0.352551
0.34459758
0.34966946
0.3529275
0.33731097
0.36091906
0.3444206
0.124855086
0.12918264
0.11641199
0.08782306
0.058685604
0.04346673
0.0656589
0.034052286
0.019808372
0.058727156
0.025460513
0.027793838
0.01894264
0.024971392
0.0363999
0.03946048
0.030184638
0.025809057
0.027667932
0.029819624
0.029621245
0.022315176
0.03671788
0.018061921
0.027107364
0.03145402
0.02721291
0.017543932
0.027343433
0.01797902
0.023156011
0.02563701
0.014950454
0.022612121
0.028243588
0.014576777
0.014678135
0.016873851
0.014606574
0.01803298
0.016167646
0.0149369165
0.020630753
0.012461017
0.022097435
0.01674585
0.021384932
0.023019863
0.020999175
0.018852074
0.022963831
0.022923002
0.019936284
0.02490123
0.019979358
0.02310065
0.011905896
0.016773207
0.017936109
