0.086262666
0.17076424
0.18986355
0.26677772
0.25530657
0.26145455
0.32587326
0.3345793
0.07647958
0.14779809
0.14179894
0.13203532
0.052702665
0.051746532
0.037360393
0.03354359
0.022282004
0.035466827
0.062312465
0.02569913
0.035671845
0.021091416
0.020834541
0.024067322
0.031557098
0.031263
0.021830948
0.021054354
0.023671055
0.027251469
0.019872269
0.02000523
0.03329815
0.02603203
0.01419406
0.022660544
0.013282148
0.025145955
0.01314782
0.025904259
0.02848427
0.030607145
0.012117835
0.017053708
0.015145355
0.017813873
0.012330366
0.01521675
0.027541649
0.013569822
0.017432578
0.02190857
0.010398407
0.020473884
0.016253287
0.013792058
0.024481455
0.0133321285
0.02354582
0.013458303
0.011899713
0.014508469
0.023925142
0.015099814
0.015543808
0.015978694
0.012584026
0.01418475
0.02045992
0.012266424
0.020585416
0.012810771
0.012442475
0.017127411
0.009675403
0.015984418
0.015929295
0.01139313
0.014454969
0.018921413
0.010350228
0.011856103
0.009108855
0.018998623
0.013697624
0.01678545
0.023109736
0.010213427
0.017890783
0.015178628
0.014411433
0.013345918
0.021336159
0.011166654
0.010649852
0.010433118
0.007160161
0.012386177
0.009609999
