0.06494455
0.050885223
0.08921123
0.09482396
0.11476623
0.16285758
0.13860713
0.16460368
0.16903374
0.20304973
0.19680765
0.18515824
0.20770383
0.1820754
0.2230001
0.2106753
0.1925654
0.23687783
0.21357396
0.21022102
0.24169688
0.21700996
0.22939315
0.24933851
0.24395312
0.2374917
0.22690187
0.21409492
0.24985658
0.24025406
0.25124422
0.23301588
0.1876113
0.07673121
0.039384052
0.070957184
0.050612908
0.03798842
0.06396243
0.07667883
0.06192461
0.055479273
0.059759412
0.043001708
0.0280643
0.034439042
0.023136223
0.034049094
0.03283868
0.03349041
0.019762104
0.049219623
0.024938041
0.027235433
0.021842254
0.043250866
0.046005152
0.024617683
0.027515693
0.041941173
0.03514303
0.024636146
0.03880389
0.0324522
0.0350784
0.043834265
0.031450205
0.034054425
0.039070632
0.044543065
0.022816353
0.027716625
0.037026085
0.021168793
0.025059987
0.024086092
0.023025077
0.022718001
0.019694915
0.03687597
0.03342853
0.025047429
0.02554835
0.028275996
0.03198168
0.023271412
0.01894369
0.026880741
0.033067342
0.025872648
0.034649234
0.02231903
0.024757922
0.026530854
0.021209514
0.023223847
0.029052129
0.017728714
0.021640275
