0.09977978
0.15763949
0.15189698
0.19647121
0.22818567
0.19009554
0.24143699
0.29853523
0.26174128
0.26203075
0.24917403
0.31363475
0.27385774
0.28092137
0.28934452
0.28634286
0.22721164
0.26920375
0.30759686
0.302619
0.30021894
0.31824473
0.30169803
0.29868913
0.31476757
0.2922982
0.3214838
0.32604438
0.2985612
0.27406323
0.28330353
0.29589972
0.27499548
0.06026052
0.07072054
0.049524438
0.055652324
0.050769195
0.053954445
0.045938496
0.036487695
0.030141843
0.061820824
0.05742959
0.06353886
0.044650048
0.03143908
0.024020279
0.04433626
0.03234316
0.023510976
0.03368949
0.03204703
0.032130253
0.03000916
0.045300715
0.0499006
0.04890318
0.027455933
0.034712687
0.017648425
0.03604567
0.028911391
0.023399096
0.028432673
0.027530598
0.018079843
0.030532006
0.020445442
0.03623481
0.04499801
0.039594032
0.03233901
0.013387517
0.02049008
0.026395796
0.022433037
0.023407865
0.018522726
0.037715737
0.033788413
0.02931201
0.02674895
0.021248188
0.015818972
0.029481133
0.02935931
0.03037108
0.018263668
0.016850874
0.02173191
0.023161724
0.021501772
0.045333
0.07239986
0.019575516
0.026860928
0.032364774
0.031712417
