0.30917782
0.3325615
0.3166863
0.34559116
0.33222288
0.35744452
0.32222676
0.09439892
0.066275686
0.062394496
0.04822709
0.05204616
0.03500801
0.027718732
0.026639814
0.04987616
0.033722013
0.03572396
0.025255244
0.031652022
0.029769521
0.02876194
0.03715145
0.023670942
0.03951998
0.031972706
0.01979047
0.022198794
0.024187043
0.026621182
0.025625464
0.024493428
0.01793875
0.02001354
0.02269452
0.028526824
0.015055696
0.015660936
0.018230345
0.016222235
0.02330548
0.022526875
0.0148101635
0.019421536
0.022799522
0.018029299
0.026931362
0.02088559
0.019725947
0.017771475
0.02007093
0.015205246
0.015335417
0.013262776
0.013289088
0.02630265
0.021625446
0.011657969
0.018768214
0.015978452
0.016773688
0.022362603
0.017806564
0.012414651
0.008996887
0.01788537
0.012638156
0.023369202
0.01291915
0.021789331
0.017830811
0.019882692
0.011198452
0.011169811
0.014954199
0.01389664
0.020592438
0.018128354
0.017397812
0.011314796
0.021362007
0.012246061
0.011980188
0.011262295
0.020618482
0.011826819
0.012213049
0.012985484
0.0170503
0.012649614
0.018306691
0.023052486
0.014900071
0.01585681
0.0154158585
0.012986702
0.007887092
0.011677449
0.013038701
