0.10144491
0.07584711
0.065603875
0.049794953
0.04998516
0.034304753
0.028516207
0.03670349
0.025149085
0.041565463
0.037877604
0.041229524
0.028367523
0.020814305
0.019179583
0.03420703
0.039121833
0.017391054
0.035833023
0.014565801
0.027901785
0.020279367
0.026291694
0.021551954
0.025493128
0.023058992
0.015737237
0.017952083
0.01884175
0.017040867
0.020332247
0.016918486
0.009410263
0.01377978
0.0266982
0.0128015075
0.016307896
0.023282548
0.010338613
0.015090704
0.011324582
0.015966423
0.016687207
0.011646727
0.022732163
0.01273365
0.016251154
0.014229868
0.013765002
0.015252728
0.015368295
0.010345392
0.012109654
0.012539638
0.014715529
0.019157711
0.013927137
0.020926323
0.017219616
0.02981329
0.018335517
0.015898382
0.020585157
0.00918631
0.01351158
0.01781078
0.017813945
0.018596517
0.010729637
0.023258861
0.016476186
0.018282259
0.01470363
0.012459857
0.012485716
0.010573724
0.008410405
0.0106953615
0.013712274
0.009719417
0.009522252
0.018709656
0.0067255134
0.017705193
0.008473309
0.0075804726
0.020020002
0.010323312
0.009686406
0.016272621
0.012010893
0.010669418
0.014695654
0.006708532
0.014356416
0.008316209
0.014310926
0.008633223
0.011957656
