0.047670044
0.04893833
0.053963985
0.08709689
0.079367094
0.077958085
0.08546563
0.1184675
0.12228371
0.11630013
0.17528032
0.13111337
0.13744499
0.17296755
0.17518282
0.18888459
0.19412562
0.20278499
0.19011338
0.23432377
0.20747145
0.24117792
0.24285504
0.22788857
0.2052288
0.23410094
0.25746277
0.24356836
0.2886532
0.23060489
0.27660936
0.2732311
0.27947623
0.26248357
0.2659955
0.28029397
0.27701253
0.2812548
0.3013941
0.30025634
0.30482402
0.29903898
0.3138946
0.28234956
0.31132466
0.34344366
0.32096815
0.3059377
0.2999112
0.31241807
0.27821118
0.27341372
0.29366082
0.26749134
0.3042466
0.31408402
0.3541013
0.27794868
0.31936973
0.3127045
0.33287996
0.32599777
0.31345493
0.2889901
0.31753668
0.2988838
0.29921067
0.31950775
0.27326608
0.26678196
0.31293094
0.28639546
0.33623296
0.32943222
0.28901386
0.31217128
0.319244
0.32100967
0.30111045
0.31423786
0.314843
0.27414712
0.26623338
0.08042179
0.042976245
0.059319116
0.05357622
0.034440547
0.055620648
0.055126984
0.03677016
0.05148919
0.09211963
0.05976678
0.06355891
0.059699815
0.04420845
0.03495635
0.022008995
