0.061858382
0.0611626
0.08312228
0.08064297
0.09666582
0.11232666
0.10108249
0.10392009
0.11459936
0.153706
0.15756804
0.172699
0.19334541
0.19302809
0.18974303
0.18755257
0.19616506
0.19336344
0.21288495
0.1877553
0.22853051
0.21306244
0.21654937
0.23008646
0.22493161
0.21868567
0.23852958
0.23316358
0.23281246
0.22979192
0.23567294
0.21458301
0.14040667
0.054310765
0.059054516
0.06554384
0.055426132
0.039809793
0.0611229
0.049469184
0.045525275
0.03722864
0.030978901
0.030124683
0.024386773
0.028992277
0.03680949
0.025881108
0.027362134
0.028112164
0.025055148
0.023718419
0.03614914
0.03302354
0.023139585
0.024132967
0.02892872
0.023032365
0.028299294
0.028598512
0.023640098
0.024119869
0.027814135
0.017929504
0.033768244
0.028423864
0.027412383
0.023350272
0.027910756
0.023395784
0.03249034
0.037325554
0.037832934
0.04572063
0.013836423
0.027040517
0.034560084
0.031019708
0.020801896
0.028328873
0.02059526
0.029524483
0.04136909
0.03304432
0.023326945
0.020782486
0.020792762
0.018795798
0.028694088
0.025070895
0.022623165
0.026932608
0.02218195
0.0138271395
0.018906197
0.031648986
0.018755006
0.031078732
0.023874814
