0.079545274
0.044107538
0.07404546
0.053345118
0.0913015
0.05904488
0.071470544
0.10480801
0.1048079
0.10394498
0.11572051
0.16341715
0.17106067
0.18353328
0.14938752
0.16392605
0.22231567
0.2357663
0.24101596
0.24143828
0.21618532
0.21008144
0.21505664
0.26006448
0.19906437
0.24345288
0.24086721
0.25781956
0.2855655
0.27038893
0.28230414
0.2196415
0.26055834
0.28163353
0.25911677
0.28986216
0.2694049
0.27490187
0.28915784
0.25922734
0.30793914
0.26687226
0.28837234
0.28581297
0.29799286
0.2594968
0.34072882
0.30657366
0.28919312
0.29305983
0.3123325
0.29782766
0.26354545
0.25867665
0.3146613
0.33275893
0.2945764
0.30774483
0.29310957
0.31288216
0.31337383
0.2964569
0.2705967
0.2864875
0.2723607
0.28582293
0.31250706
0.28346387
0.28776664
0.2685812
0.27278388
0.33353215
0.25895214
0.2930417
0.14158897
0.054997873
0.05601168
0.06982748
0.05911552
0.047152176
0.048800044
0.070352755
0.039982907
0.07221976
0.047689356
0.058041696
0.041620087
0.048938006
0.0413392
0.026028892
0.043807134
0.03996964
0.027413335
0.04998471
0.030682886
0.020623691
0.019975917
0.014713152
0.01651473
