0.083609775
0.13933542
0.086401746
0.050123755
0.08675301
0.02939835
0.05376207
0.041028358
0.035093207
0.025524067
0.03229222
0.019785332
0.028545165
0.027292812
0.019166471
0.021979721
0.030876419
0.030637825
0.018844947
0.019569648
0.016827414
0.014829638
0.02522189
0.016258145
0.015581289
0.01503333
0.022033388
0.027405161
0.01621182
0.017189793
0.015490063
0.015208323
0.011161985
0.011589353
0.015214101
0.020339891
0.0122866025
0.02050096
0.016904851
0.010563943
0.022354702
0.012721215
0.014518761
0.013482378
0.01202076
0.014009395
0.01380001
0.01117342
0.009532136
0.010227615
0.0087963855
0.009319016
0.012005285
0.01436494
0.012697194
0.011588303
0.015249271
0.00820958
0.0078044934
0.0076441304
0.010301336
0.008899324
0.012852202
0.010006404
0.014603923
0.016252376
0.0112625705
0.016843993
0.015443693
0.023492038
0.016862895
0.011836135
0.007790038
0.008162895
0.011239305
0.016478084
0.011903821
0.011505008
0.012927868
0.014246416
0.010366142
0.014831454
0.0144550195
0.009169257
0.009596347
0.0064341347
0.00977243
0.01074064
0.014029118
0.018478055
0.0127498405
0.0084927725
0.016693125
0.019464942
0.013121305
0.014773004
0.0129265115
0.0073752296
0.008242703
