0.05837515
0.10195231
0.097617276
0.07495903
0.047634687
0.072941765
0.028678836
0.025129916
0.025867319
0.039439622
0.03713915
0.026318207
0.030860415
0.024271814
0.018908238
0.037323024
0.026857682
0.021042768
0.015813766
0.02053143
0.019206056
0.021450864
0.016485564
0.019727
0.019526958
0.019362187
0.012437127
0.034313865
0.01247552
0.014939844
0.0113873035
0.02618098
0.021068305
0.012580051
0.0157155
0.021160783
0.020433467
0.0143944
0.010418843
0.022798965
0.027648414
0.0121247005
0.020189209
0.016170599
0.014315569
0.012694873
0.019004887
0.012834161
0.020333882
0.010581311
0.011122238
0.01926542
0.007846454
0.01563861
0.0136554325
0.011138044
0.013389162
0.016917327
0.017889101
0.010739798
0.013079694
0.009560758
0.01213834
0.01028438
0.016896658
0.010054233
0.01647485
0.012240448
0.011579787
0.019898927
0.008987104
0.014037795
0.019350862
0.009037354
0.0122007495
0.026784763
0.013816349
0.011736814
0.00967334
0.00973842
0.008894972
0.01283792
0.010708685
0.007830977
0.024302436
0.010243228
0.016574021
0.00979293
0.010022802
0.011187481
0.007032897
0.008382221
0.013535486
0.009036865
0.011105964
0.030943418
0.012418831
0.016644582
0.034106947
