0.06214904
0.10232525
0.1381291
0.15893213
0.16022745
0.13774979
0.17715433
0.21134122
0.17765664
0.17720999
0.21297917
0.21409659
0.21041673
0.19129941
0.18888737
0.21873486
0.2299133
0.22766666
0.21408455
0.23535769
0.22797115
0.22162879
0.19718945
0.19680288
0.08573443
0.18807647
0.23107257
0.2227826
0.217958
0.2092983
0.22271772
0.21943271
0.24983329
0.23325449
0.23706129
0.25940508
0.23594677
0.23933482
0.2424461
0.24155033
0.24607822
0.21438356
0.21051587
0.22992627
0.05809537
0.05545309
0.06829766
0.044273764
0.06597281
0.05714316
0.03689336
0.0791297
0.0703902
0.06264642
0.06982839
0.08558888
0.06885223
0.10113365
0.082418315
0.08469809
0.092034504
0.103006005
0.11121901
0.09456006
0.09486368
0.075622685
0.06734807
0.08499075
0.067722544
0.09755603
0.122713976
0.116759226
0.10372382
0.09510405
0.098996304
0.07664271
0.053444907
0.053299505
0.061408162
0.05820862
0.051177625
0.02416331
0.049830876
0.045634292
0.037166405
0.043560836
0.046564054
0.032762006
0.047389608
0.071765326
0.048277646
0.04234022
0.03972259
0.04674606
0.028715722
0.033402406
0.05105711
0.049130704
0.032312337
