0.15775293
0.13231078
0.11236731
0.06699393
0.10923294
0.11092839
0.1355101
0.14509754
0.12827136
0.16496536
0.15927354
0.21487719
0.14758502
0.1671882
0.20168762
0.17688452
0.19145964
0.23932432
0.20483613
0.2084752
0.22837605
0.23406416
0.23835906
0.2203011
0.24226761
0.20675078
0.22157457
0.20983665
0.23398907
0.2296
0.22027119
0.25761437
0.23021793
0.2220291
0.24673468
0.22064137
0.23004878
0.23870088
0.23002587
0.24103418
0.2577351
0.24617556
0.23419152
0.2391582
0.25021842
0.24228807
0.25820628
0.24771585
0.22908464
0.24241316
0.25245878
0.23641393
0.2578293
0.2445323
0.2565248
0.24248001
0.23467828
0.27312258
0.23911218
0.23960637
0.25037393
0.23732434
0.25724658
0.23552547
0.24180807
0.26452476
0.25235376
0.26177946
0.2450277
0.2277148
0.24980302
0.2490695
0.24350874
0.24523552
0.26679823
0.26083857
0.25381812
0.25954887
0.25396684
0.25705346
0.23419528
0.24406879
0.24649024
0.2521494
0.26036724
0.2448554
0.23630257
0.25040892
0.24197263
0.2443684
0.23725462
0.23549457
0.24512286
0.25887775
0.2619341
0.26287568
0.24894491
0.24282725
0.25659105
