0.103088155
0.08517331
0.1093017
0.0898749
0.044813164
0.062826484
0.03835325
0.052504882
0.025571695
0.032729484
0.027068874
0.022844028
0.018720187
0.034711618
0.03553399
0.016700888
0.019903665
0.023754053
0.018927138
0.018800268
0.017664365
0.018075496
0.023084473
0.015588846
0.0150371585
0.016464705
0.018016748
0.022921026
0.013024326
0.019122005
0.017704692
0.016797224
0.023743963
0.016263064
0.016663782
0.013491469
0.015074978
0.0137216775
0.022987353
0.013470351
0.010291857
0.029447524
0.013978095
0.014823159
0.013401397
0.014291304
0.015370999
0.02042072
0.012428687
0.013170044
0.022639228
0.011254486
0.02264628
0.010400581
0.012918788
0.0129576465
0.011202512
0.014033438
0.011951355
0.017084658
0.011910458
0.015518857
0.016897932
0.016580854
0.011052727
0.007911715
0.013264128
0.01214409
0.008275556
0.011134794
0.013473652
0.008872648
0.0139025245
0.009946114
0.028552383
0.018905852
0.008182764
0.00836531
0.011159586
0.013164541
0.015592663
0.014246975
0.0071599665
0.011534092
0.012772737
0.0248933
0.009108678
0.01273512
0.007365129
0.015945928
0.009947426
0.0076515516
0.00881452
0.009902716
0.009352222
0.0060944255
0.007567312
0.008788251
0.0070258025
