0.050318472
0.10843619
0.12256041
0.14426957
0.17080508
0.16882062
0.16013053
0.15267725
0.19005768
0.22665623
0.19781889
0.21382181
0.20047751
0.21993515
0.23449749
0.18849684
0.24075419
0.23915482
0.24330546
0.25115395
0.2536821
0.24885397
0.23971534
0.22922216
0.23707627
0.24061573
0.2406351
0.24726677
0.23451199
0.2462585
0.22982423
0.247735
0.2432554
0.2475997
0.25127676
0.24989441
0.24218656
0.26741752
0.23761627
0.2599663
0.25397268
0.25641665
0.23864363
0.23323901
0.25624475
0.26145458
0.26694858
0.23725025
0.26583856
0.26134652
0.23623678
0.2626893
0.2548473
0.23962398
0.2602917
0.2641735
0.26253432
0.2509395
0.24667375
0.24914812
0.2563556
0.26438954
0.24689545
0.2417094
0.27162224
0.2402458
0.2662669
0.2211337
0.2513497
0.24372804
0.24444346
0.25397855
0.25327373
0.23597923
0.26471242
0.21456836
0.2507719
0.24306206
0.23311079
0.25167334
0.24600992
0.21034464
0.24042365
0.22203468
0.21243653
0.22803622
0.23594509
0.2101178
0.23406562
0.24280101
0.22088164
0.2282144
0.096791014
0.08201649
0.04071488
0.059874356
0.06485539
0.046791602
0.057689738
