0.047795817
0.056282282
0.0712439
0.12949818
0.11625471
0.109886475
0.1345418
0.12692401
0.1324767
0.13709769
0.14521198
0.119553246
0.15625508
0.15072872
0.18623623
0.18747327
0.16160755
0.20232028
0.1763771
0.18869099
0.1956573
0.17218526
0.21704723
0.21928333
0.20813306
0.2084873
0.1791049
0.22305788
0.21060899
0.19871676
0.19980314
0.22595075
0.22152376
0.24816018
0.22553197
0.25775272
0.2278643
0.23199889
0.21568705
0.23360413
0.25480276
0.23764199
0.26156506
0.24273904
0.24729712
0.22866979
0.24540687
0.2354904
0.22216618
0.23304453
0.23477018
0.26338366
0.25121313
0.24932837
0.23130351
0.25315452
0.256223
0.23730776
0.24690767
0.22045657
0.24109824
0.26122278
0.26107645
0.22941895
0.24954274
0.24098529
0.2417311
0.25310943
0.2356167
0.24216399
0.2541718
0.24776527
0.2492891
0.241259
0.25869343
0.24040459
0.2555517
0.25038168
0.2192238
0.2425345
0.25577003
0.22203796
0.2554411
0.23196475
0.23102584
0.22165892
0.25702396
0.22437751
0.24223974
0.22088505
0.22916253
0.22328721
0.2609592
0.25113803
0.23784414
0.25924474
0.23042613
0.21478939
0.20356138
