0.13369313
0.06785969
0.09994717
0.12651229
0.13779345
0.15657641
0.18416493
0.22066815
0.24010101
0.23751803
0.2025712
0.2623988
0.24671938
0.25480968
0.25155905
0.33529726
0.3334835
0.33301878
0.339784
0.33329993
0.3043564
0.33721837
0.32993704
0.34563747
0.33641908
0.19367473
0.09450289
0.12899368
0.15531829
0.13600448
0.12825729
0.08573314
0.07872809
0.0492425
0.06808661
0.038491603
0.030926855
0.04544848
0.039573886
0.028681064
0.038661707
0.025252646
0.026146702
0.02760691
0.024555303
0.02304573
0.024787359
0.029589202
0.020309918
0.028017916
0.029326543
0.015732598
0.03016869
0.022239976
0.025292912
0.024331514
0.040879376
0.03137666
0.014541113
0.029335367
0.024868628
0.021402122
0.022355122
0.023965461
0.026224634
0.020835884
0.019575305
0.01965685
0.01718409
0.022363301
0.022320876
0.01779011
0.029495874
0.021075113
0.016324071
0.025254028
0.018567419
0.02095841
0.021497458
0.019531177
0.01065696
0.014488452
0.020538948
0.022865972
0.019776208
0.029436734
0.014786878
0.015518579
0.013436091
0.016285412
0.036448877
0.03102673
0.025759537
0.020938212
0.015240175
0.028875375
0.013743699
0.014264559
0.014399118
