0.0697649
0.13047127
0.17362548
0.22772445
0.23230265
0.19981624
0.20297018
0.21475126
0.20541185
0.21592861
0.21620174
0.21252565
0.24895029
0.24405718
0.21745
0.232822
0.22956082
0.2412222
0.22837901
0.24796784
0.24065922
0.23745808
0.25053638
0.24906796
0.2298443
0.23677403
0.23645829
0.23116484
0.2184332
0.24298592
0.25148883
0.24524558
0.22919056
0.23356692
0.2635068
0.2668002
0.2416302
0.25244465
0.24528502
0.24059252
0.2558477
0.255995
0.2581181
0.24492227
0.22604631
0.2683751
0.24843691
0.23500015
0.2565118
0.23755918
0.2525842
0.25370637
0.20877534
0.22840954
0.24008109
0.20767307
0.22817828
0.24397735
0.25315168
0.23764932
0.24928524
0.23509504
0.24182479
0.08316577
0.24427606
0.2503915
0.2384334
0.23063815
0.22821751
0.25366554
0.22756341
0.22145368
0.21543697
0.23194134
0.23500033
0.21219926
0.24016963
0.23743221
0.20858584
0.19987969
0.06421064
0.05834681
0.058031064
0.05912107
0.060552657
0.065094605
0.07474946
0.064525045
0.062490534
0.07828219
0.06955941
0.04405302
0.07359078
0.08283481
0.09575257
0.10537033
0.112078816
0.14216933
0.11512297
