0.10398336
0.18883654
0.22399281
0.20606329
0.28559875
0.2623144
0.2871903
0.3003732
0.29268107
0.27425134
0.29554996
0.26639664
0.24991824
0.2891475
0.2792043
0.29345152
0.28021538
0.30156386
0.28921723
0.33688718
0.2977506
0.30886933
0.31251624
0.30105934
0.2611594
0.30616978
0.3194986
0.30765516
0.3267093
0.31352857
0.30371034
0.3120923
0.32760724
0.3389775
0.31449306
0.35268134
0.31471318
0.33539802
0.3367922
0.3061319
0.34653085
0.30627802
0.29479223
0.29091558
0.33418718
0.29481664
0.29414105
0.31186622
0.24586883
0.32511565
0.33171716
0.30605882
0.31892022
0.2913803
0.26013777
0.30056363
0.30339462
0.2061948
0.3111971
0.25095043
0.095865175
0.05333206
0.06680514
0.06608646
0.046716455
0.07390085
0.106480785
0.06135693
0.08679765
0.10541486
0.11399336
0.12521942
0.12788184
0.09171016
0.050311778
0.037213877
0.025456209
0.04537786
0.03986009
0.026611667
0.038589563
0.033720553
0.047512613
0.039546728
0.027335308
0.02693062
0.027139762
0.03809908
0.051766694
0.025816616
0.026560666
0.023987073
0.0418497
0.01849822
0.032730076
0.037263203
0.03757293
0.035290636
0.025172051
