0.099251136
0.064811595
0.10912609
0.11890136
0.105537996
0.066116504
0.038872838
0.04616253
0.039817493
0.046874028
0.04153018
0.020392392
0.023410296
0.032856084
0.02470153
0.018409813
0.043351993
0.019948697
0.03006232
0.033703856
0.033782948
0.01871192
0.021037282
0.025282525
0.03389002
0.019113472
0.030486928
0.017543638
0.015215012
0.023019487
0.017524874
0.02150434
0.020905167
0.024575986
0.024582457
0.013566697
0.020114329
0.013793239
0.012690654
0.025852954
0.0195744
0.015226284
0.020940669
0.018236138
0.010922956
0.019697834
0.014814544
0.018567288
0.017085193
0.019203821
0.009049239
0.01538243
0.014963093
0.017076276
0.017197557
0.02854955
0.015182747
0.016349606
0.02007513
0.014887615
0.013221359
0.013767034
0.008204912
0.015442759
0.012140244
0.0141222365
0.0203162
0.015608727
0.010409644
0.012992375
0.013178831
0.013442256
0.01749366
0.011758112
0.01270334
0.014762333
0.011211272
0.012786637
0.016392298
0.012162136
0.010021719
0.01933347
0.017464707
0.011598551
0.018469095
0.010779187
0.01698602
0.012149289
0.0115536535
0.011016487
0.009336328
0.009451791
0.009802367
0.013220566
0.008234813
0.011043284
0.008968896
0.013759597
0.013603451
