0.17462455
0.054211337
0.071195625
0.07510573
0.087562785
0.07310837
0.099008575
0.11917424
0.11699321
0.12327789
0.15390149
0.13747598
0.1743989
0.19844277
0.17780508
0.17208958
0.19057645
0.18208069
0.21875036
0.22364339
0.1873557
0.23153968
0.1883509
0.23659326
0.21727711
0.22396652
0.20526654
0.2298948
0.22401193
0.23376425
0.2194974
0.23992266
0.23550287
0.23580717
0.25173864
0.14279574
0.05898764
0.06624729
0.080301985
0.069455065
0.095202446
0.06700229
0.04837387
0.020545218
0.04806321
0.033124436
0.021323845
0.026768547
0.029000666
0.020509701
0.016709445
0.028187364
0.022351915
0.022968952
0.018658344
0.025254037
0.023107618
0.050621152
0.021400949
0.018759951
0.014091192
0.017571475
0.044917904
0.017578943
0.015508498
0.0233775
0.036105003
0.027917577
0.03254289
0.01456767
0.026022311
0.03058469
0.01809056
0.024734404
0.020280859
0.022040332
0.021121379
0.0148444865
0.020690182
0.015754122
0.025998538
0.03197839
0.02318234
0.016476095
0.027008507
0.021469543
0.021934487
0.0153929675
0.014208418
0.017713744
0.017904066
0.020978251
0.026267292
0.018321162
0.013440941
0.019750988
0.020719722
0.025372375
0.020333214
