0.08347155
0.11207066
0.08681943
0.062329974
0.044630364
0.04448007
0.040184274
0.03130406
0.028742034
0.034679607
0.025234716
0.038304187
0.028077556
0.022796115
0.030897092
0.02644619
0.02161981
0.02339951
0.0166973
0.021964416
0.02046577
0.025537886
0.018806648
0.018459233
0.019888623
0.018842317
0.021098813
0.015016416
0.027998768
0.022842575
0.016335187
0.018249072
0.013807782
0.019458067
0.011322581
0.010494124
0.023783417
0.018426115
0.014433077
0.01888904
0.020144438
0.010913148
0.019766545
0.021981305
0.01149054
0.019296534
0.01656415
0.022713749
0.009811058
0.02341798
0.013271171
0.018091943
0.013587539
0.018861149
0.013496011
0.016434755
0.015635062
0.015141162
0.020503683
0.00755571
0.0153366905
0.007990356
0.012205013
0.012955231
0.012473268
0.012840003
0.016425798
0.018719275
0.014804831
0.017595723
0.015867064
0.010146501
0.02277372
0.010569522
0.015136259
0.012422747
0.014381002
0.012100779
0.00852397
0.014167379
0.0096008405
0.006640665
0.008299758
0.008873839
0.012793361
0.012508526
0.0061618
0.013572552
0.0116269365
0.007326201
0.016305963
0.0073085064
0.020059284
0.013106458
0.0079004485
0.009588866
0.01066065
0.021264933
0.014641487
