0.051677544
0.05497528
0.086234
0.08504549
0.102620274
0.13242923
0.1639268
0.1998213
0.23438476
0.17510186
0.23735608
0.2492973
0.20183891
0.24010037
0.23454207
0.25177962
0.28670403
0.27358732
0.2724608
0.25962824
0.27577722
0.27183253
0.30488664
0.2793224
0.26745805
0.31851926
0.28066266
0.29524812
0.29903954
0.2800096
0.30491343
0.32155052
0.30577862
0.27236927
0.31573987
0.3315648
0.29194897
0.29286972
0.28419402
0.26350003
0.25956976
0.28123206
0.32680613
0.256407
0.31257758
0.31563112
0.30101356
0.28166595
0.08054961
0.053506307
0.07588491
0.04842584
0.046592437
0.050200913
0.060196064
0.06773561
0.066788405
0.058683258
0.06668889
0.089878395
0.047849502
0.075635724
0.05665166
0.044040475
0.07054532
0.032351572
0.039012376
0.0391433
0.057607472
0.02856663
0.031624347
0.03665735
0.023615044
0.035953216
0.025875151
0.060554925
0.036635656
0.029279267
0.041282184
0.04634312
0.022151181
0.041228898
0.025750548
0.02114053
0.03889049
0.023157036
0.020658372
0.027098726
0.03442367
0.023381563
0.024489868
0.032546263
0.028236784
0.024950083
0.02440335
0.03705279
0.02256331
0.0441238
0.02564166
