0.046848763
0.06458111
0.09454691
0.1140097
0.11875247
0.11494349
0.10031701
0.14764562
0.1641363
0.17697436
0.15778252
0.13654923
0.15162636
0.21472713
0.17659749
0.14738353
0.20996195
0.18574394
0.17241038
0.20181091
0.18763982
0.21838394
0.20588252
0.21347126
0.19772431
0.22675613
0.22468947
0.22681123
0.21146081
0.21674082
0.23700164
0.19601898
0.23972628
0.22991028
0.2157653
0.2229153
0.20833868
0.23805423
0.21919766
0.26583678
0.2601815
0.24273166
0.2265352
0.25506377
0.22446974
0.2521946
0.257921
0.228904
0.2232317
0.23176035
0.25172287
0.22885749
0.26357245
0.25169533
0.26372346
0.23528878
0.24056198
0.24616648
0.24800605
0.2399938
0.22499771
0.23628268
0.23289411
0.25087667
0.2575068
0.24043538
0.26057523
0.249243
0.25929785
0.24301092
0.26512837
0.26037794
0.25198132
0.26536766
0.25702396
0.2286119
0.2522348
0.26185134
0.26014996
0.26499835
0.26013982
0.2426267
0.26058814
0.2486807
0.2569677
0.26909417
0.25394332
0.25925395
0.25993824
0.24383965
0.2640501
0.25174323
0.2516067
0.26624098
0.25959828
0.2548445
0.23583584
0.24528861
0.24608181
