0.06152561
0.104404055
0.13114956
0.10704907
0.15949905
0.17536148
0.18556741
0.18153965
0.1932467
0.20539254
0.20369773
0.22593118
0.17607574
0.1823528
0.20813137
0.22426797
0.2405809
0.20753695
0.18110958
0.20878981
0.20186748
0.21559192
0.20810276
0.18464558
0.2217144
0.19014372
0.20935436
0.16341892
0.11816357
0.055391446
0.061593734
0.067512475
0.046128757
0.08001198
0.07461979
0.05244693
0.063067794
0.062259987
0.060146403
0.07606827
0.07315674
0.06790406
0.06802142
0.045087043
0.057283837
0.055345256
0.07560222
0.065089904
0.04092315
0.0602548
0.037207324
0.040698234
0.028339723
0.053841356
0.03809695
0.04541465
0.03202144
0.04261585
0.027846493
0.043446157
0.028424297
0.048732545
0.03457645
0.051594373
0.03331793
0.030953491
0.04629872
0.036464002
0.044250738
0.046997238
0.020186959
0.04022058
0.031515088
0.028635263
0.023237878
0.028567994
0.043551784
0.053649697
0.04847427
0.041754678
0.035026394
0.030743664
0.037127804
0.031026611
0.04883174
0.034776
0.045141526
0.042696763
0.022705635
0.045008715
0.03286406
0.03053989
0.040091313
0.027515715
0.026978044
0.04088369
0.041668646
0.039757933
0.03403254
