0.10033506
0.104370564
0.11801154
0.087377295
0.038810868
0.045987975
0.036547903
0.036795326
0.025475128
0.033614565
0.017673614
0.02474187
0.04064018
0.0244415
0.01673035
0.021245
0.02314562
0.029506609
0.01955601
0.01647343
0.02317366
0.01715651
0.024270264
0.017910596
0.01899766
0.015578659
0.015509211
0.018200478
0.026200991
0.023105092
0.023414336
0.026881699
0.015255791
0.01634418
0.019070366
0.01940128
0.018730547
0.014361527
0.01653452
0.01984632
0.01453333
0.016860964
0.0140560325
0.02170115
0.02067551
0.014801235
0.013896706
0.023765653
0.0135875
0.0136222085
0.013129902
0.0144081
0.013548185
0.017412473
0.022190316
0.013361958
0.02330506
0.028732384
0.01664529
0.016298072
0.017697774
0.015142074
0.0131898485
0.009806205
0.018440062
0.013219634
0.018686803
0.012958125
0.017012991
0.014641142
0.014173451
0.009534135
0.015689703
0.012094206
0.013726785
0.017326413
0.015606499
0.016943328
0.013495889
0.017224995
0.01889428
0.010205785
0.012131609
0.010735413
0.020622276
0.017263692
0.012908801
0.013315918
0.012844136
0.014559946
0.0110681765
0.021537514
0.019247402
0.010166773
0.015083699
0.012523415
0.01641433
0.019756012
0.01765356
