0.08291952
0.059362147
0.05235821
0.07591585
0.10800114
0.09792512
0.12169083
0.12721202
0.13019797
0.14115566
0.16232018
0.18082903
0.1634449
0.19687513
0.1696525
0.2007375
0.21261562
0.20214039
0.21432874
0.22283518
0.21766628
0.18805368
0.23329616
0.20649841
0.22608483
0.22969157
0.21599232
0.23600943
0.22261032
0.2295712
0.23419762
0.2530209
0.22306757
0.26617315
0.24156497
0.24199387
0.24577698
0.23507543
0.24278714
0.2449
0.22439787
0.21615013
0.24923988
0.24564566
0.23723172
0.24138416
0.24483307
0.23793742
0.25817934
0.20831776
0.2395034
0.24444082
0.2576953
0.2570687
0.24160966
0.2362174
0.24671152
0.25432876
0.24539983
0.23134108
0.23547526
0.25653645
0.2557449
0.21981876
0.24474142
0.26705804
0.24422604
0.22904506
0.23053712
0.23580302
0.25437015
0.22336034
0.2456986
0.25984228
0.22765341
0.25553787
0.24881169
0.2393958
0.23294571
0.24948251
0.25681454
0.23072511
0.23882185
0.2272731
0.21191843
0.22282156
0.25316077
0.24748427
0.25715068
0.26706982
0.23803145
0.24924682
0.26011744
0.25678596
0.25314757
0.2528469
0.24312598
0.24002177
0.23976627
