0.056819644
0.054604005
0.049571786
0.0758541
0.08287124
0.08940205
0.07847579
0.13848528
0.108717136
0.15283765
0.17882256
0.14630345
0.17348027
0.16614333
0.201396
0.21464492
0.18183221
0.20620605
0.21081996
0.2048302
0.23294899
0.19166909
0.23143408
0.24398924
0.21354014
0.21996124
0.23208265
0.2290553
0.25557694
0.24441054
0.21997008
0.24352704
0.24372995
0.22491461
0.25774908
0.21113844
0.2343914
0.2491506
0.23869543
0.2413629
0.23669887
0.22775915
0.2517658
0.2270714
0.23282447
0.24055661
0.22021538
0.24636573
0.24629007
0.2647919
0.25926268
0.2548629
0.25424784
0.2646176
0.2586981
0.2400411
0.2410082
0.23212199
0.2460932
0.24696794
0.25067666
0.24067315
0.2532886
0.2776677
0.24348655
0.2501986
0.25999165
0.25276768
0.25628078
0.24082193
0.24879903
0.24679023
0.23571816
0.25881925
0.23595612
0.23728754
0.24642193
0.24175361
0.21844028
0.22993776
0.23450974
0.27052996
0.265116
0.26391155
0.24883711
0.2391529
0.24751368
0.21675584
0.23434632
0.22848463
0.2573489
0.22647327
0.23369044
0.25413808
0.2577174
0.23812066
0.25186586
0.19755632
0.25080997
