0.1173364
0.18267211
0.20415676
0.22259668
0.24137574
0.26815483
0.28455648
0.29583797
0.3006334
0.27093917
0.31692994
0.28456065
0.2949521
0.28756145
0.28865924
0.28930575
0.303877
0.30966592
0.2927039
0.2663799
0.26540786
0.3258106
0.31575775
0.27890247
0.28698206
0.3307049
0.28341675
0.30486122
0.27554107
0.32155824
0.28706953
0.2992393
0.32227522
0.31496382
0.30206954
0.24643496
0.20999914
0.05449291
0.052100953
0.04176258
0.064083226
0.04507715
0.071882874
0.038568556
0.06824726
0.054758668
0.052729264
0.03608386
0.031531464
0.028409312
0.03498593
0.021629842
0.047247365
0.021225005
0.03215857
0.024739824
0.03310263
0.02994018
0.026005602
0.056302182
0.02743795
0.028464891
0.022468505
0.036896218
0.03181486
0.029921673
0.0295823
0.025706967
0.024388272
0.037625756
0.016222998
0.018305508
0.022981977
0.017090399
0.026937805
0.026463976
0.019529669
0.02323348
0.025319936
0.027038716
0.021284547
0.024722131
0.018747363
0.016336465
0.022332456
0.016785491
0.02274401
0.018513137
0.017664827
0.021184364
0.042609267
0.018251238
0.010141582
0.022828018
0.02057895
0.018886078
0.010657356
0.01109681
0.027310913
