0.072529726
0.13269344
0.18878584
0.20461774
0.27874357
0.28681943
0.3199116
0.3137741
0.3397161
0.32579377
0.31857273
0.07525343
0.11801791
0.09278291
0.0487061
0.07249801
0.057844833
0.04628432
0.03302997
0.030867428
0.036113173
0.05057302
0.035839062
0.027110258
0.028987769
0.019751998
0.032416474
0.017497983
0.018443365
0.021540266
0.023328023
0.018494193
0.023652466
0.026488412
0.026123364
0.029033171
0.023401445
0.015183899
0.015518559
0.02077799
0.020926557
0.019353732
0.024810454
0.018242095
0.015742907
0.019490495
0.01494459
0.015367219
0.013891301
0.013671973
0.016063474
0.018240029
0.017892128
0.02616998
0.01989286
0.025531672
0.025430327
0.025961343
0.0324206
0.018566975
0.013578491
0.018557662
0.01505626
0.016603628
0.014940705
0.019879587
0.01897322
0.019240594
0.01793253
0.010817184
0.016490052
0.016028374
0.013711496
0.01860154
0.013041499
0.012169526
0.017290594
0.015567419
0.015127585
0.016757244
0.014041841
0.013327551
0.018792666
0.013556167
0.013562505
0.012007786
0.014221789
0.010734785
0.0126893725
0.022441132
0.016090984
0.01662346
0.027075406
0.023023637
0.018122638
0.008005301
0.012657683
0.018393463
0.014810846
