0.17013404
0.11995526
0.095453106
0.041134108
0.06003584
0.07279266
0.09791211
0.12968089
0.11042442
0.15064356
0.13617815
0.15613954
0.19699316
0.17599729
0.20794918
0.19791943
0.22224171
0.21493219
0.2364077
0.2299601
0.2476632
0.22816432
0.26545385
0.23387784
0.20655285
0.28452235
0.25359225
0.2269298
0.24970324
0.2605533
0.2751772
0.24052891
0.30688593
0.292295
0.27561766
0.3123236
0.3133234
0.2938338
0.2750589
0.30161777
0.29873148
0.29958296
0.2618828
0.31028888
0.29773876
0.28192204
0.2787586
0.30423632
0.32079497
0.33846694
0.31941226
0.30937272
0.2857911
0.32021976
0.32476148
0.28166118
0.3006982
0.33372775
0.29323593
0.34317172
0.29279485
0.29922953
0.31553453
0.31448027
0.31418255
0.3062585
0.33779725
0.3039623
0.29927564
0.26699677
0.29179585
0.2944336
0.2791362
0.15812542
0.05482186
0.04499961
0.048702534
0.055385917
0.054186445
0.05239406
0.062300656
0.057243247
0.04673785
0.05523793
0.039636154
0.042504493
0.037623707
0.02951904
0.0322043
0.04255342
0.029392645
0.031553257
0.036663048
0.046192866
0.03783565
0.02320917
0.05770376
0.021106046
0.014850093
