0.15696691
0.20083915
0.16834067
0.22847447
0.21587859
0.24161343
0.31260464
0.31418526
0.27944764
0.28399488
0.3239862
0.31529012
0.33102298
0.32035854
0.33975172
0.33438566
0.3415072
0.35267186
0.3299182
0.36641246
0.36018854
0.3574822
0.3656337
0.35033083
0.3509318
0.35159844
0.35531735
0.33352003
0.20265122
0.10321454
0.06701725
0.0895441
0.09612164
0.04478961
0.04422387
0.048831068
0.037241332
0.022890855
0.031858798
0.037752554
0.027572397
0.035441473
0.03160846
0.028820671
0.03902959
0.02741783
0.032358952
0.030282872
0.036812406
0.016693003
0.021585938
0.032915343
0.021906674
0.02559438
0.019303314
0.037296783
0.028040743
0.012912498
0.022737466
0.021321196
0.016678538
0.01831783
0.01976098
0.019402321
0.018506704
0.023298282
0.020663347
0.014792893
0.022957087
0.02215852
0.023080064
0.02556085
0.016937407
0.018381713
0.017198198
0.0135677
0.017631697
0.023254614
0.014121229
0.013846502
0.019524178
0.011987393
0.017563015
0.015144722
0.019571144
0.02201304
0.023283048
0.019223707
0.014501431
0.015689177
0.013411053
0.02029049
0.018358689
0.017733777
0.017004179
0.013363552
0.019405572
0.014533078
0.01732562
