0.086046286
0.09888859
0.09092437
0.16738944
0.18558513
0.17664634
0.17521441
0.18373239
0.19869056
0.22362787
0.18446478
0.21082932
0.18475886
0.21638057
0.19354182
0.18620676
0.21480305
0.23419453
0.2284747
0.21108302
0.21327859
0.21079542
0.24571683
0.2564435
0.2480739
0.24138543
0.23509839
0.2136844
0.24145415
0.18953082
0.058136217
0.067914315
0.07326961
0.055390753
0.06347291
0.062836275
0.0820358
0.06838617
0.056182496
0.05220029
0.06271152
0.06369654
0.056058448
0.06426881
0.06804032
0.04943485
0.056848332
0.04452885
0.06528386
0.060577903
0.06820593
0.05105477
0.057438556
0.056506615
0.06600601
0.077231854
0.07682536
0.07346478
0.072008274
0.06560126
0.08501642
0.07907932
0.077016205
0.055954043
0.086554185
0.08643722
0.07675145
0.039651975
0.054092478
0.04597223
0.040206335
0.0377958
0.028266942
0.03077014
0.03563161
0.028615283
0.038414117
0.043034114
0.044302717
0.028087476
0.03281651
0.038828045
0.045553878
0.04118863
0.034663882
0.026093913
0.033860225
0.04197744
0.033872463
0.033715855
0.03541279
0.03355555
0.024810834
0.03262702
0.026489863
0.024279067
0.041042626
0.032126095
0.041666035
