0.10947044
0.112730876
0.17199746
0.18797873
0.17153187
0.20861036
0.17679033
0.21182428
0.19474125
0.22203806
0.23745261
0.22028983
0.19792432
0.24905849
0.20193242
0.20944281
0.22408704
0.21213308
0.23214723
0.083995424
0.05891111
0.06861885
0.06314003
0.06670125
0.06420447
0.06025185
0.04590747
0.03690663
0.041387476
0.028065741
0.0314996
0.028691137
0.032954317
0.033843093
0.025857186
0.018639697
0.027223079
0.038646996
0.04410664
0.036241785
0.028093351
0.026210783
0.0264842
0.031506658
0.029147664
0.03599312
0.030730465
0.020323336
0.027858464
0.03393505
0.020312803
0.027104506
0.027183821
0.031369794
0.020293204
0.024595056
0.028447207
0.02946012
0.034722827
0.030101372
0.025049275
0.030334476
0.027446883
0.026284384
0.025559474
0.035942156
0.03433395
0.027176358
0.022907523
0.028613303
0.02601278
0.017170807
0.012715765
0.027926449
0.029140808
0.026903367
0.030468272
0.032958172
0.02043378
0.021704875
0.04242407
0.03224847
0.022391463
0.02166825
0.026609238
0.018136948
0.016860692
0.02278837
0.029014442
0.017081004
0.028982716
0.025306856
0.017898265
0.01684887
0.012438801
0.021223882
0.012491026
0.024793189
0.023296637
