0.042164687
0.049576905
0.080710016
0.08844791
0.08028589
0.06865226
0.040239487
0.05416562
0.025784327
0.048209984
0.030147724
0.025688931
0.030531567
0.019497927
0.022752617
0.020458028
0.02095338
0.018522998
0.026748635
0.01991891
0.024378262
0.02133694
0.019434744
0.017702533
0.02036814
0.017800888
0.020266138
0.020998767
0.02389292
0.017901005
0.02441127
0.015193176
0.021910422
0.02289332
0.030009832
0.014013343
0.025638083
0.020460714
0.0128426915
0.012210464
0.02083293
0.016091118
0.015036508
0.015305574
0.01828556
0.021768566
0.014898192
0.015694028
0.022102734
0.02045578
0.0136665255
0.014977037
0.009468794
0.015925417
0.019390909
0.013516778
0.014073691
0.009993773
0.016392106
0.018744996
0.014917749
0.016657844
0.011624471
0.013972395
0.012330666
0.013495789
0.014016768
0.0125279445
0.01838721
0.010892339
0.01234397
0.01397731
0.01692907
0.022996485
0.016374478
0.010950874
0.0151654305
0.014589244
0.015056586
0.015740922
0.01113511
0.020341462
0.017270684
0.033338156
0.011132869
0.012531014
0.013845458
0.01016998
0.010460179
0.019510323
0.013894946
0.023019245
0.012788488
0.014568624
0.01309993
0.018325064
0.016817505
0.011322847
0.014696936
