0.091403
0.07390011
0.08286025
0.08453162
0.06907954
0.08515992
0.06984376
0.051079713
0.03730442
0.030367302
0.036844235
0.024285784
0.02804103
0.02354211
0.03297779
0.03182469
0.020826368
0.029090771
0.022228444
0.022685977
0.0362906
0.01610308
0.016307263
0.037860584
0.015712185
0.02212983
0.023131918
0.018976992
0.015746854
0.019477537
0.020055981
0.012731753
0.01561808
0.016190002
0.014077601
0.014045928
0.02300297
0.021572528
0.015849024
0.013914884
0.017160269
0.013770828
0.014188328
0.014541598
0.014717928
0.012115391
0.014096025
0.016561769
0.014019235
0.018669222
0.029747637
0.010981552
0.013342097
0.022129761
0.018054025
0.01375405
0.015521929
0.01496222
0.013045659
0.012671592
0.010402718
0.0106447665
0.011676619
0.012340991
0.013448379
0.0139424
0.011949379
0.009323652
0.023176689
0.013583403
0.0132025
0.011841084
0.012290293
0.008269237
0.011144904
0.010446221
0.012072954
0.011034555
0.009044821
0.01854326
0.014914448
0.015123584
0.016442318
0.020264534
0.014571142
0.010737532
0.011456316
0.010089835
0.015200327
0.012951659
0.010357238
0.013454319
0.008766111
0.011768882
0.007879465
0.0076889903
0.022270039
0.013138501
0.015041402
