0.1157817
0.18244615
0.20292553
0.22498319
0.20935352
0.21440072
0.18023261
0.20030251
0.20874028
0.1609223
0.1849491
0.20200515
0.18126787
0.07046226
0.049486864
0.07351187
0.070252925
0.073451616
0.07255516
0.05616684
0.07109331
0.0488669
0.057113282
0.07067393
0.08050041
0.059989803
0.07066766
0.08158077
0.032212615
0.030715289
0.035090957
0.03497168
0.037083495
0.030647632
0.02501054
0.019469518
0.034267914
0.03940597
0.040861655
0.025868038
0.032041647
0.034948517
0.036381375
0.03719305
0.028217139
0.049786292
0.022711273
0.036754128
0.054834004
0.04737975
0.02150234
0.02964434
0.043146737
0.0362098
0.028843649
0.022748152
0.02494943
0.029320646
0.033625986
0.028603194
0.04664637
0.041600842
0.030444385
0.024440419
0.041236848
0.027551493
0.037922885
0.029756185
0.02314736
0.025514225
0.01960282
0.021089409
0.021314507
0.025880884
0.034581296
0.020265125
0.021785708
0.02003713
0.021871733
0.028998302
0.017909167
0.016226402
0.022565156
0.022718512
0.026534677
0.020724066
0.022605106
0.022569252
0.023183186
0.03352953
0.027284294
0.022967499
0.020637244
0.0209631
0.022464268
0.02237249
0.020953767
0.026095673
0.022406759
