0.055380736
0.08647341
0.15699424
0.11962946
0.13684583
0.14650944
0.17904615
0.16790065
0.19762705
0.201392
0.1850669
0.20180826
0.23297775
0.20108709
0.19666995
0.213513
0.21221356
0.20456992
0.23780267
0.21859807
0.206764
0.2350108
0.24150392
0.23250833
0.22778603
0.24049339
0.22466621
0.2155714
0.24428831
0.23139642
0.21744458
0.25877774
0.22962949
0.21072134
0.23009375
0.2683515
0.25394532
0.24054192
0.25530955
0.23230022
0.25775352
0.25056288
0.23361878
0.21779026
0.24559675
0.23463704
0.2591841
0.24899817
0.23350656
0.19806159
0.23394798
0.2150761
0.19444825
0.22168095
0.2485044
0.25078803
0.22651511
0.053952802
0.071166545
0.050572965
0.07212092
0.04356119
0.061362527
0.09138263
0.05770889
0.07502419
0.04665105
0.05451294
0.03263572
0.03530532
0.053849813
0.04247783
0.049571577
0.040590886
0.03585191
0.040748462
0.03510633
0.026117919
0.029761974
0.021784944
0.03705319
0.04729983
0.03264494
0.04896004
0.024836987
0.045940157
0.042737063
0.027676621
0.044834267
0.029238135
0.041192442
0.048924886
0.048670802
0.03737553
0.043603882
0.025149044
0.03125182
0.026127698
0.03905361
