0.054383926
0.07866985
0.06360157
0.12157212
0.13130544
0.16858323
0.15702863
0.1768601
0.1556795
0.15081897
0.154339
0.2102116
0.21037962
0.18754575
0.17523828
0.17912102
0.20158151
0.21752651
0.22020158
0.24233757
0.2111466
0.22316726
0.20798208
0.25196308
0.23355378
0.254211
0.21343176
0.24057166
0.23682068
0.23753323
0.23028952
0.24127455
0.24430095
0.22663939
0.24743766
0.26591405
0.26193306
0.2689782
0.23864947
0.25548208
0.24607374
0.24506305
0.25265542
0.25112176
0.23556806
0.25638342
0.27089185
0.246037
0.25091824
0.24097963
0.25064802
0.24492256
0.26440692
0.22797106
0.25948954
0.26380235
0.23429894
0.23016134
0.23661125
0.24775788
0.252912
0.2500535
0.263742
0.24778838
0.25507593
0.2531873
0.24239683
0.23960705
0.2180788
0.23886774
0.24120472
0.25830457
0.2412942
0.2335775
0.24137974
0.23319948
0.23050615
0.24253242
0.21097206
0.23948197
0.24349225
0.2515655
0.25223008
0.22418287
0.24487588
0.24744917
0.26245198
0.24614844
0.23233259
0.2307575
0.2433595
0.25582
0.23882061
0.26440877
0.2549364
0.24384338
0.24526021
0.25310782
0.25166675
