0.06648074
0.14788872
0.17329775
0.19633563
0.17700219
0.21568717
0.21676101
0.22451997
0.21058254
0.24354932
0.20892848
0.23986444
0.23997201
0.23105507
0.22362286
0.23174228
0.21045846
0.21421899
0.23219302
0.22935408
0.25249436
0.26317653
0.2500246
0.23297448
0.2692707
0.23958164
0.24887516
0.2593314
0.2589191
0.21884708
0.2315478
0.25536093
0.24929312
0.24653077
0.24408425
0.23502699
0.24474768
0.25594142
0.22036892
0.23856315
0.23294932
0.22642969
0.21668155
0.24189682
0.23254512
0.1876959
0.076165326
0.06296326
0.05170011
0.07770707
0.03969332
0.056946844
0.061017882
0.047644917
0.09078622
0.08339323
0.06562168
0.05919659
0.07371338
0.03974692
0.07649699
0.055010978
0.0650997
0.061954644
0.06358787
0.052968644
0.05917998
0.027455015
0.051624667
0.039611638
0.045460325
0.040087525
0.03149828
0.03401299
0.035125606
0.030032821
0.036074277
0.048332565
0.055127125
0.048331004
0.037033863
0.05002097
0.061613496
0.033877604
0.03798839
0.03248568
0.03753948
0.04103767
0.043033704
0.03158769
0.029782724
0.036746267
0.038657397
0.047550388
0.04028518
0.02886117
0.027704785
0.046501134
0.032689966
