0.056484945
0.108973175
0.10821893
0.13267858
0.11484087
0.15065515
0.15978628
0.15946649
0.18991305
0.17549506
0.21006514
0.1892128
0.20673831
0.19892366
0.20363995
0.21067499
0.20743349
0.20011762
0.22799116
0.21890254
0.20030749
0.21693628
0.2031685
0.24572572
0.2427151
0.23790812
0.22824779
0.23452087
0.21514288
0.25577602
0.23419695
0.2358598
0.2316814
0.2014496
0.23047744
0.2471882
0.26029557
0.25863585
0.24972019
0.25291768
0.2614891
0.2378434
0.259707
0.24117368
0.25662038
0.2493759
0.2420029
0.27494857
0.24112651
0.2569524
0.2508513
0.2303194
0.26180574
0.26255956
0.25537112
0.26277778
0.2729107
0.25392646
0.25445265
0.24754587
0.2434189
0.23998842
0.27282536
0.26215073
0.230907
0.22970474
0.26038966
0.25641972
0.23638722
0.24214147
0.22748893
0.24819557
0.23020199
0.23694433
0.24435602
0.21181023
0.24231781
0.24913691
0.22740443
0.25258863
0.228615
0.24837992
0.21327946
0.25147456
0.22124082
0.22811936
0.22881058
0.24034406
0.24867386
0.22038053
0.25213224
0.22170664
0.26428446
0.23915493
0.22905801
0.23106758
0.22393686
0.23557125
0.25293243
