0.057775643
0.06269274
0.078599826
0.11874245
0.108341604
0.1281923
0.14129701
0.16596696
0.12985387
0.18970117
0.18993618
0.19874705
0.22182679
0.23451094
0.2210805
0.2133269
0.24576521
0.19794413
0.2622172
0.23827493
0.23153281
0.24942267
0.21822824
0.2398451
0.2332196
0.22598743
0.25565523
0.2460699
0.25203124
0.24893753
0.26226836
0.25191933
0.25934067
0.24364105
0.24069236
0.2533355
0.26651517
0.25329804
0.25084192
0.24755235
0.24394229
0.25996557
0.2543026
0.21606328
0.26826686
0.23918402
0.26062536
0.2451735
0.24805883
0.257519
0.25736648
0.2582401
0.2526366
0.24935117
0.2630082
0.25491783
0.2573157
0.25001112
0.25200307
0.26103407
0.24207184
0.26248536
0.24567778
0.25455174
0.26612076
0.24426998
0.2566682
0.2630253
0.2567866
0.24252735
0.26080897
0.24977984
0.26840037
0.2454899
0.23784724
0.23753536
0.2651513
0.24602196
0.2520285
0.25291866
0.26290727
0.23244114
0.25550222
0.25008905
0.25338203
0.24358277
0.23324697
0.24161378
0.23180409
0.21567073
0.23826845
0.25120744
0.24952139
0.25506964
0.25419137
0.25584316
0.23349634
0.24705486
0.24607971
