0.06569691
0.08374769
0.098385744
0.115819566
0.15386885
0.1740027
0.1302004
0.19427611
0.14887714
0.1883741
0.21311699
0.23473486
0.2140111
0.21968682
0.22165456
0.22350599
0.23941869
0.19431719
0.24249166
0.23191491
0.24003382
0.2271754
0.23630196
0.22522734
0.25050873
0.24184874
0.2723921
0.22194298
0.23518343
0.22790036
0.27315462
0.24812312
0.24172395
0.25143605
0.26390517
0.26093853
0.25678945
0.22165357
0.23708521
0.24488547
0.2421499
0.24924193
0.25484365
0.24069454
0.23101394
0.2555874
0.2507361
0.24194196
0.25522125
0.2644956
0.26193064
0.24985974
0.258107
0.25148046
0.261833
0.2559909
0.24216436
0.26782164
0.24812487
0.24923377
0.25848803
0.2234765
0.25420278
0.26507124
0.24643132
0.2489522
0.25653628
0.2507653
0.24988079
0.23111565
0.25404525
0.23627938
0.25505373
0.26073056
0.25868136
0.24433437
0.24681936
0.2535773
0.24297208
0.20957595
0.23216279
0.24119262
0.24342543
0.25878856
0.23879744
0.25123894
0.26460543
0.2653043
0.24016422
0.25222632
0.24626605
0.25828135
0.23948815
0.26661643
0.24663611
0.244979
0.25853813
0.25721434
0.2570254
