0.053751186
0.07068371
0.09311256
0.117347576
0.09486192
0.14514053
0.16933809
0.17432868
0.15753587
0.16859081
0.14855886
0.20117721
0.15725137
0.19517428
0.2162787
0.21059835
0.22243783
0.19235736
0.2086219
0.22841331
0.21514031
0.21883659
0.21897393
0.2556141
0.21366763
0.22828783
0.23536618
0.239817
0.22820427
0.24145202
0.23651956
0.22471316
0.23781575
0.23228098
0.25820804
0.22457445
0.24084699
0.21706676
0.22145535
0.08154202
0.039863616
0.061982263
0.05847744
0.043221563
0.07990532
0.04573308
0.051006593
0.03824561
0.033526644
0.04027732
0.024437044
0.03378196
0.02406512
0.03243991
0.024559159
0.0334768
0.022899622
0.025614342
0.024367211
0.026000066
0.021157796
0.03132122
0.026864164
0.026070364
0.031812254
0.037359938
0.03068966
0.021429619
0.022994174
0.019642958
0.03114056
0.023773262
0.01789724
0.028631877
0.035812262
0.032113302
0.024632644
0.03080205
0.027259612
0.03421886
0.028043352
0.019718481
0.028291447
0.03259751
0.029695565
0.039264295
0.034100566
0.0332587
0.030366724
0.026030157
0.016162908
0.018561998
0.027814066
0.0163045
0.02965752
0.032383367
0.026419792
0.017955521
0.025197241
