0.06608715
0.1175353
0.11159992
0.10349734
0.03679797
0.07232959
0.04864331
0.053060606
0.03041769
0.029460395
0.045195334
0.034843527
0.025860153
0.0359008
0.03742085
0.025325278
0.02880042
0.037135195
0.034323968
0.030736929
0.025951475
0.03412098
0.02051835
0.024885911
0.01616164
0.027571538
0.020564469
0.02786687
0.015700914
0.018468028
0.015287523
0.014494705
0.028809661
0.01531052
0.020050546
0.017826209
0.017082874
0.020193482
0.021466078
0.021956272
0.018693402
0.019991357
0.016047806
0.023458673
0.010063227
0.017156841
0.026499078
0.016676025
0.016733838
0.020702554
0.0138124265
0.009622606
0.010694313
0.019820027
0.017837217
0.019946633
0.018534461
0.014534929
0.0124182375
0.021909278
0.01423131
0.01184549
0.014727459
0.013026505
0.014491319
0.012589769
0.0155103225
0.01480576
0.013708191
0.0127663035
0.015520497
0.011558465
0.010547032
0.019130202
0.021738242
0.007168712
0.009154835
0.00991457
0.008830149
0.009242982
0.017801875
0.020995919
0.012686863
0.008588005
0.010579917
0.0061290883
0.01189377
0.009951204
0.00949683
0.0082456535
0.010221343
0.0062798383
0.008775278
0.008784702
0.012489971
0.008090158
0.008982095
0.01453351
0.008038485
