0.06671921
0.1255754
0.17691569
0.17596419
0.19181214
0.23898548
0.23538189
0.22202727
0.21342018
0.21522743
0.22749291
0.21918325
0.23514459
0.19984505
0.08618676
0.053406376
0.072471164
0.065661944
0.041559506
0.036951978
0.040036235
0.028998459
0.054864883
0.03424031
0.03932745
0.021250963
0.022778625
0.03418923
0.02604918
0.03667594
0.02307894
0.033901874
0.020937137
0.024659973
0.029243926
0.047670215
0.024634626
0.031055832
0.024688965
0.033000927
0.028628176
0.02253507
0.03308148
0.046124436
0.021002153
0.025127767
0.03322284
0.026552036
0.04066957
0.046798628
0.023433158
0.03471679
0.044561192
0.020235177
0.026573738
0.020787552
0.023189818
0.022035481
0.021697823
0.026719023
0.021606833
0.013323355
0.028731843
0.021084536
0.026756437
0.02624442
0.01912382
0.018919446
0.014112078
0.023105845
0.023388706
0.02613247
0.015469416
0.02009071
0.021123279
0.031010818
0.028685408
0.03103365
0.016441219
0.025140084
0.016074935
0.032277327
0.016479513
0.018746473
0.017697796
0.02811506
0.017546827
0.014945314
0.012969745
0.009517436
0.012270418
0.015280092
0.02290733
0.016520806
0.013221566
0.014616488
0.017666912
0.030204061
0.014439099
