0.048694305
0.06312802
0.10951674
0.12378887
0.17176324
0.14762641
0.1673498
0.19143748
0.1861966
0.20385526
0.1983932
0.1950295
0.19334586
0.21935025
0.22497013
0.24113454
0.22557764
0.2253249
0.21586524
0.23382661
0.24493809
0.24546286
0.23162927
0.24670956
0.23122725
0.23472096
0.2579527
0.2361745
0.24669617
0.26115036
0.24559276
0.2643854
0.26337722
0.24623269
0.255902
0.2575897
0.16659437
0.06356307
0.06218112
0.105430454
0.06709802
0.08491313
0.07057528
0.07712612
0.076352715
0.06691696
0.04277597
0.065153584
0.045544792
0.041127894
0.04749724
0.03847631
0.033632826
0.032337338
0.047410514
0.026111292
0.033253588
0.029818555
0.034560185
0.050300606
0.022216342
0.022993673
0.040141765
0.043006387
0.027790405
0.043665186
0.03174194
0.040343855
0.032409593
0.032353126
0.031929437
0.02903975
0.022359997
0.026186336
0.024813509
0.026664449
0.037562206
0.026284916
0.027301168
0.029770738
0.028879613
0.038149122
0.04293515
0.032522734
0.025829472
0.023905665
0.026692452
0.022524599
0.021569949
0.023437884
0.02030037
0.020464074
0.017292572
0.01680993
0.020948881
0.017250275
0.021261852
0.021982389
0.026018228
