0.055563256
0.06256308
0.060279287
0.060678754
0.08785156
0.08745461
0.06767834
0.12987116
0.11235832
0.118006796
0.09071433
0.11790674
0.15905729
0.12251172
0.15239315
0.18025373
0.17744581
0.16393961
0.17632398
0.17657787
0.18495376
0.18146512
0.18201336
0.23977849
0.21048078
0.24155742
0.22088371
0.21511701
0.2342589
0.2803724
0.2661499
0.27769464
0.27410915
0.26666343
0.3098177
0.2549448
0.25628605
0.27580422
0.2915742
0.2633005
0.25490278
0.2767105
0.29924893
0.26095846
0.20156567
0.3027518
0.2941179
0.28001097
0.3136892
0.3218228
0.31178215
0.26131472
0.2808941
0.318232
0.31601602
0.3075023
0.29695442
0.27943215
0.3147464
0.29942513
0.33158562
0.31115663
0.3199425
0.30174187
0.30335099
0.32628626
0.34897366
0.3241096
0.30631962
0.31632423
0.3200941
0.31436414
0.31921652
0.3015803
0.31093028
0.3346945
0.34698853
0.3157552
0.29023722
0.3187307
0.29338208
0.33887553
0.3485243
0.33650464
0.33707312
0.30700618
0.31028143
0.323403
0.32118538
0.28854904
0.30806
0.3298182
0.30548647
0.31718192
0.3201052
0.3183766
0.31702167
0.3323072
0.333698
