0.11515427
0.15521449
0.21531011
0.21781504
0.22365095
0.20015354
0.18606535
0.23191237
0.21209794
0.22045526
0.21418893
0.22815736
0.2369723
0.20808458
0.23175056
0.21551143
0.21701844
0.22938466
0.2570366
0.24665816
0.21891028
0.22533235
0.24618639
0.22014457
0.23747402
0.21743716
0.23431566
0.23698589
0.22441855
0.23462641
0.23683636
0.24530244
0.26093894
0.2500206
0.218546
0.24281156
0.24296688
0.2300882
0.22150344
0.2591763
0.24129266
0.20055726
0.23290788
0.23731773
0.2142678
0.23128437
0.24038704
0.236754
0.2536032
0.20658994
0.21411388
0.19167298
0.12972175
0.087923706
0.05027333
0.063389726
0.066002354
0.058865584
0.08276676
0.06301698
0.050641906
0.05874319
0.07616661
0.08915414
0.06444422
0.0439037
0.07742596
0.09952895
0.13021015
0.14372103
0.13735572
0.14482206
0.1280431
0.1420939
0.08519567
0.07715316
0.08816969
0.08948146
0.09527093
0.09925145
0.082777664
0.12888245
0.090647414
0.08334962
0.08613058
0.09627209
0.11097164
0.10143233
0.08054886
0.08890161
0.08828762
0.08959427
0.08240431
0.08114171
0.07989469
0.0850502
0.07777618
0.07757222
0.07589521
