0.09362662
0.15178597
0.13009603
0.115730315
0.06766119
0.06034119
0.045301203
0.041718964
0.035083417
0.0289644
0.024737405
0.035141677
0.030062549
0.029447729
0.04628489
0.027295917
0.021205008
0.023652868
0.01895896
0.014247793
0.02088926
0.01882689
0.015082036
0.015403889
0.01976128
0.018903282
0.018228982
0.016455866
0.012186719
0.018294826
0.014879272
0.021248287
0.021093603
0.021013945
0.013374846
0.02119433
0.01686311
0.01842249
0.021161936
0.016735995
0.015764784
0.02123064
0.011386266
0.012534165
0.014342505
0.027608722
0.015923558
0.018885776
0.012079474
0.01645159
0.015515174
0.0094784945
0.025982177
0.015806701
0.015889132
0.016320461
0.008724437
0.012033159
0.015439872
0.012346566
0.01287799
0.0091783255
0.008442896
0.013785463
0.010066799
0.009215388
0.010058406
0.010004486
0.014309601
0.015688054
0.012198252
0.016758265
0.011570398
0.012977068
0.013784312
0.019182693
0.020533433
0.008951583
0.008178711
0.014108869
0.01859812
0.009482583
0.01339304
0.012397821
0.01015868
0.013051642
0.011643168
0.009413398
0.008905759
0.014926646
0.011030772
0.009103498
0.005914657
0.008007907
0.009471543
0.011931742
0.011802046
0.00675786
0.0049426737
