0.14013055
0.093719885
0.068577625
0.05501897
0.06394381
0.045822978
0.051903907
0.03589543
0.023262816
0.038850766
0.016453521
0.023953779
0.012973166
0.022325445
0.029322617
0.02735006
0.020007422
0.010676265
0.018581018
0.015977932
0.016723093
0.025613632
0.020892285
0.011323657
0.02181299
0.026940875
0.012986136
0.032615423
0.011319135
0.022678707
0.01759575
0.020087907
0.020581316
0.015056904
0.010586267
0.00985085
0.00946904
0.02053624
0.020344278
0.012710057
0.018671986
0.007986885
0.007234181
0.011290492
0.013200097
0.009236717
0.01064959
0.016894637
0.01092554
