0.1941671
0.1690048
0.12604477
0.1372215
0.0801819
0.053467896
0.056344472
0.06887651
0.047221564
0.033997845
0.04857162
0.03738524
0.046860773
0.044218447
0.039672405
0.049133837
0.039672013
0.03155022
0.032711532
0.029678017
0.03161032
0.02460447
0.027213184
0.03521912
0.02514309
0.02669281
0.022814907
0.03333642
0.031500563
0.018568838
0.020389205
0.017022593
0.023068737
0.02489999
0.022069778
0.01917289
0.023964949
0.021651797
0.02100678
0.02281397
0.024105152
0.025571879
0.025454663
0.017572906
0.020127106
0.015752042
0.014078684
0.020424075
0.017936563
0.022085855
0.015445268
0.017373186
0.016988695
0.017791646
0.02352459
0.021023266
0.019990664
0.01815536
0.022819532
0.014924328
0.019843813
0.019754676
0.018079113
0.016228132
0.012006768
0.018760605
0.02425144
0.013915083
0.021744272
0.017710429
0.015261027
0.017032318
0.022015072
0.019026648
0.01719438
0.024981033
0.009922862
0.010504521
0.018597316
0.015689038
0.020245776
0.009418326
0.014412161
0.0134471385
0.016763246
0.014636929
0.018880824
0.012865824
0.019396165
0.019416995
0.008751059
0.015820693
0.012030515
0.011129551
0.013565131
0.01678757
0.01807266
0.014000358
0.015798049
