0.20214519
0.17955512
0.15015504
0.09149838
0.11933961
0.080774374
0.0801931
0.06651381
0.073845774
0.07262755
0.075004086
0.04897794
0.052753054
0.03796688
0.054615468
0.06004311
0.036732923
0.04141
0.04670492
0.04975958
0.038475126
0.050602715
0.036041472
0.047541574
0.04233535
0.03570365
0.05896823
0.041658614
0.03293273
0.03710172
0.031859994
0.028571479
0.02678038
0.0336694
0.031964093
0.031967536
0.02868588
0.052484293
0.040263202
0.022120532
0.028754598
0.027045952
0.031958565
0.041425746
0.029858993
0.026782349
0.028310774
0.024113858
0.03257179
0.028468389
0.029205605
0.025657432
0.026878914
0.026714621
0.027219111
0.02869049
0.021795493
0.027548414
0.024044828
0.02441206
0.028198138
0.030439883
0.024440775
0.031314958
0.05160263
0.031138394
0.023372388
0.032581754
0.030301627
0.030767983
0.026435899
0.01991976
0.019172572
0.02514917
0.030520413
0.023804039
0.028945073
0.023828257
0.02004636
0.022714555
0.019895427
0.024274277
0.04660919
0.021884428
0.022689648
0.025994819
0.015726132
0.025138384
0.022556357
0.015716137
0.03858665
0.018240547
0.01657129
0.025335914
0.02366316
0.023790611
0.032295536
0.019612659
0.021002134
