0.14508165
0.14431567
0.09971608
0.091754824
0.08960448
0.07571583
0.119887345
0.13034292
0.10037374
0.08932619
0.07667424
0.06695931
0.08869904
0.07265887
0.07675045
0.068138435
0.06798919
0.07415634
0.06290236
0.06725239
0.06620095
0.055016406
0.05647685
0.060251486
0.056620147
0.056450192
0.057216875
0.052859683
0.054525465
0.048959658
0.051935557
0.051605236
0.055154335
0.047149003
0.057014048
0.043949526
0.049105864
0.053707227
0.047200985
0.04303285
0.045438983
0.03884144
0.03913663
0.040822703
0.03594881
0.03556575
0.039783295
0.045847304
0.036029533
0.03409519
0.03567187
0.0377194
0.03148317
0.036863692
0.039128292
0.03278378
0.039201412
0.03218292
0.031235732
0.03131267
0.029284077
0.029810691
0.026888821
0.02705624
0.0298469
0.024435215
0.027886732
0.023772884
0.027175523
0.02611289
0.036220346
0.022448
0.024737276
0.023912463
0.024250146
0.02310765
0.021252057
0.02020673
0.018688317
0.020877954
0.019015184
0.020426776
0.023346247
0.016366024
0.016613837
0.016399967
0.016213613
0.016223555
0.01731572
0.01639524
0.019732252
0.014562824
0.015116748
0.015293157
0.020556742
0.014231811
0.022203503
0.013575415
0.012387752
