0.064676814
0.123992704
0.1048287
0.07652928
0.050223354
0.04936193
0.043211132
0.045294542
0.03361711
0.03607044
0.033232603
0.024467831
0.035333574
0.03145279
0.023269478
0.022051474
0.027930899
0.024440948
0.021651398
0.021037498
0.020928018
0.019020123
0.018406047
0.028968126
0.01925219
0.022921728
0.019281633
0.016093211
0.014279656
0.017314821
0.012950525
0.017832197
0.016426984
0.015782012
0.0165775
0.015451206
0.011725181
0.021488357
0.011721358
0.013998861
0.0136940945
0.011713112
0.018207222
0.016260168
0.013767887
0.014455986
0.015919289
0.011194688
0.010424481
