0.07835035
0.14875244
0.17442407
0.18895718
0.21542834
0.28255558
0.2863039
0.28019843
0.30433396
0.34479994
0.32189557
0.30691063
0.3614032
0.35055804
0.34920952
0.32722867
0.34994304
0.29886985
0.19786502
0.121593714
0.05909083
0.049909882
0.022762178
0.03808563
0.018471494
0.029125625
0.017706152
0.024160283
0.020899057
0.021345977
0.031969823
0.014114986
0.012089276
0.020342484
0.011172823
0.011818827
0.010746528
0.014093797
0.011741848
0.010442566
0.012825574
0.009033347
0.009872482
0.01047282
0.012999644
0.013691228
0.016847618
0.0064919004
0.009757407
