0.2145196
0.10539894
0.110070586
0.0801469
0.099216
0.049796425
0.034965195
0.026397467
0.029768072
0.027845766
0.021495657
0.024526943
0.034187667
0.022077827
0.026728297
0.022071421
0.02261501
0.02149506
0.012873912
0.019818613
0.018866329
0.021608125
0.0179034
0.014713764
0.013088277
0.015792789
0.024158929
0.025988108
0.014293675
0.0110763125
0.014454427
0.011597726
0.010361463
0.008902358
0.012547934
0.011597898
0.008718736
0.008503099
0.009052107
0.012356909
0.007812473
0.007933902
0.008868284
0.010974244
0.010167488
0.012238774
0.011473247
0.006949914
0.005713381
0.008863108
0.012334055
0.009248272
0.006802711
0.006380851
0.0085061
0.0094461655
0.011051674
0.0060832007
0.010002725
0.013024634
0.006652975
0.010166709
0.0077327024
0.0090948725
0.008878783
0.0074425605
0.0076479274
0.006133701
0.0056023104
0.009619223
0.013077656
0.009229968
0.00698715
0.006493461
0.008204264
0.0101066185
0.007014596
0.0071609
0.005327135
0.009578683
0.005854328
0.006773418
0.006168154
0.005821644
0.003982821
0.010395171
0.0060106423
0.010221177
0.0070522
0.0037757054
0.0028495013
0.0037622137
0.006860275
0.0036099192
0.009772981
0.0061107655
0.0058705965
0.00742001
0.0041146367
