0.14386544
0.090589784
0.10016844
0.07620192
0.069122545
0.051891968
0.054522105
0.052447274
0.046857305
0.05603356
0.041806098
0.04711873
0.036107138
0.04330157
0.049069904
0.033934608
0.039111037
0.041023456
0.042599518
0.037999127
0.036829647
0.049169403
0.030691748
0.044033065
0.03674639
0.029421618
0.03442517
0.032268524
0.028005946
0.03137832
0.029645821
0.029497582
0.018998465
0.027939124
0.031809486
0.024046836
0.027668344
0.026702918
0.023883043
0.024717413
0.030901318
0.026525434
0.024244243
0.024994766
0.024015915
0.023907103
0.019688599
0.02580112
0.027332976
0.028016577
0.020642735
0.019958243
0.031032525
0.014285456
0.032004047
0.018021096
0.027316
0.024313726
0.01789745
0.026558701
0.021251963
0.016209463
0.020216286
0.016869387
0.01933457
0.026210591
0.026158249
0.021029282
0.020923864
0.03117894
0.022571892
0.019677216
0.014177352
0.019488811
0.018111525
0.013411135
0.023330633
0.016415445
0.015313354
0.02915727
0.012729204
0.023617858
0.030885156
0.01890804
0.033489008
0.013691945
0.018362012
0.017830757
0.018476646
0.016074497
0.02180272
0.014920547
0.015795568
0.0134298485
0.013189294
0.020550149
0.016300306
0.021530481
0.0139743965
