0.27067292
0.042817686
0.10269002
0.07144851
0.0544095
0.025909731
0.024058003
0.014543908
0.019152151
0.025639184
0.022514809
0.022218628
0.016105426
0.015775653
0.010868386
0.01781542
0.015039507
0.0115046585
0.013590551
0.011199312
0.011087845
0.00901508
0.007941338
0.014866497
0.0117237205
0.005655143
0.0076957764
0.0057503637
0.009847546
0.0085242195
0.0053822314
0.009652975
0.0056985756
0.0065853223
0.0058658947
0.0054014744
0.0049460647
0.004109649
0.007271853
0.006699148
0.0043666353
0.0041552223
0.004804708
0.006983043
0.004196265
0.004676381
0.004244079
0.0041670287
0.0033374329
0.0035432733
0.0033106487
0.0030010778
0.0031842575
0.006214372
0.0035747034
0.0045028045
0.0035062302
0.0042833984
0.014171128
0.006773014
0.0054525426
0.0048400993
0.006942855
0.0056670588
0.0038283393
0.0028871703
0.0044222143
0.0039921342
0.0025549568
0.0036040314
0.0040107816
0.004210498
0.0041339817
0.005308361
0.0040957783
0.007097237
0.002293728
0.0026720504
0.003301745
0.0026755948
0.0027820317
0.0023519956
0.0025163926
0.002039229
0.0026066685
0.0027450663
0.0035579528
0.0024379962
0.001714393
0.0025751935
0.002472625
0.0016570463
0.004704148
0.0057882373
0.0022844567
0.0028192156
0.0022207208
0.0018101068
0.00170019
