0.116356775
0.078660324
0.06011198
0.04965747
0.042810965
0.034713145
0.030848384
0.046680067
0.055831406
0.030462109
0.023179352
0.04468334
0.022943271
0.030613823
0.02336416
0.022907596
0.02423274
0.019541064
0.022293681
0.022391275
0.01266843
0.014353029
0.025709989
0.024352256
0.016049644
0.025402727
0.016733065
0.022554543
0.016620163
0.016724998
0.023531167
0.0072169043
0.019242436
0.013086976
0.005462992
0.012131479
0.018848762
0.012889231
0.01842446
0.007322494
0.01715036
0.015078116
0.01544211
0.035620082
0.0109460885
0.028303295
0.01708896
0.010553102
0.0165655
