0.10955159
0.15337689
0.14000176
0.12859455
0.13334778
0.12063444
0.1398066
0.08836052
0.057029232
0.073171735
0.056708936
0.06349014
0.062019497
0.055175763
0.073640406
0.047541026
0.06552728
0.054944467
0.05018903
0.040155698
0.04179631
0.044440098
0.068102404
0.04433165
0.03552879
0.037178073
0.045717873
0.03422103
0.048574943
0.047072027
0.03800884
0.044913117
0.036110934
0.035986494
0.04215542
0.037872482
0.044369027
0.035440546
0.040339362
0.037185077
0.0345323
0.0459565
0.048516095
0.049109474
0.032999594
0.041686222
0.0354386
0.027885381
0.02986912
