0.1738607
0.15286165
0.13562317
0.09976826
0.08298541
0.06892271
0.073310174
0.07445207
0.07384315
0.045397174
0.04420707
0.086882725
0.049030624
0.041702315
0.045931358
0.02738521
0.033418387
0.021818887
0.032333832
0.020764448
0.014482024
0.033450063
0.023134865
0.0198294
0.021471994
0.028719282
0.015453232
0.029251626
0.02370209
0.036019452
0.011369692
0.027650943
0.02166282
0.018323734
0.03467696
0.034199636
0.010745286
0.031831026
0.0119819315
0.015052686
0.020986263
0.021265361
0.0178494
0.025099296
0.011594632
0.025275601
0.0161265
0.01145092
0.03270231
0.012749319
0.024435645
0.010041457
0.010874979
0.032769635
0.0135417385
0.013852776
0.0093250135
0.02237709
0.016727159
0.01983144
0.007801283
0.01896347
0.019033358
0.0056771836
0.013885939
0.01186669
0.015351288
0.012008506
0.009578952
0.011140951
0.0055916286
0.014710444
0.013478803
0.010972717
0.012275044
0.014859173
0.0063154246
0.011178842
0.006458994
0.010171839
0.0052318354
0.005611571
0.012884048
0.014678076
0.0066532106
0.01221364
0.012797839
0.008811006
0.006983855
0.009753215
0.01594083
0.01375856
0.0074008326
0.0071285213
0.011280271
0.010245431
0.015498574
0.007829146
0.006388773
