0.15234092
0.104471944
0.26963195
0.30705974
0.33895546
0.33138454
0.34384343
0.3527489
0.3448119
0.36023578
0.35384855
0.35881653
0.36509126
0.35206985
0.3591578
0.36271682
0.35684356
0.36039296
0.36176062
0.35379907
0.36711282
0.36676425
0.3608729
0.36400172
0.3664394
0.3640208
0.34592766
0.34579664
0.14843747
0.2946512
0.2779805
0.21305926
0.21656011
0.2167787
0.22084261
0.19169089
0.18656479
0.13404602
0.11983719
0.097155795
0.13552427
0.10842726
0.11808683
0.09660703
0.15320115
0.12185065
0.11876469
0.14677832
0.16629457
