0.36769474
0.36972734
0.36460224
0.36548862
0.36386907
0.3620608
0.3668189
0.3711717
0.36495602
0.36323977
0.071913585
0.36309054
0.3596364
0.36154664
0.36260352
0.3642329
0.35898083
0.22337423
0.115249775
0.14672875
0.1309533
0.14561017
0.14336078
0.06641746
0.060912013
0.05901996
0.05476141
0.05452055
0.05125689
0.058385003
0.04739193
0.048873555
0.05723123
0.048158865
0.04504435
0.040918365
0.038434286
0.042270213
0.03811043
0.035454743
0.034712326
0.034486987
0.032752793
0.035633434
0.03874661
0.03069227
0.028701777
0.028325709
0.027109712
