0.109846756
0.07092245
0.063860334
0.056441512
0.04953429
0.03985609
0.04671677
0.035179336
0.04568411
0.03063059
0.03143589
0.010731611
0.022609942
0.023407636
0.025163392
0.0212979
0.033432573
0.017205926
0.021124013
0.014586451
0.020179605
0.020691194
0.015240053
0.017205792
0.032267656
0.021083493
0.011579707
0.013565813
0.013697063
0.01763846
0.012599268
0.035582274
0.017255025
0.013359478
0.009416703
0.0105224755
0.015167124
0.01113446
0.0060548913
0.009612762
0.0064974427
0.009392167
0.0074238745
0.01598516
0.007508568
0.0047524
0.010267717
0.0037010054
0.013028823
0.0194524
0.011670632
0.014507705
0.01715755
0.0074525275
0.019510785
0.021517621
0.0065036085
0.016757857
0.0057396246
0.019411335
0.0051469747
0.007195348
0.0060928375
0.0056920326
0.013539897
0.006802964
0.009370842
0.018267298
0.0087450035
0.018637689
0.0076589244
0.01849742
0.0070700147
0.006892362
0.006056323
0.009184002
0.012628489
0.0040068855
0.009517238
0.011647144
0.008452963
0.006840192
0.014612544
0.004418614
0.004907075
0.0058087264
0.0029797412
0.003170434
0.006140774
0.0045668986
0.008563053
0.0077131004
0.02450886
0.012363073
0.011014838
0.0072146067
0.011605974
0.009950261
0.008412589
