0.053548366
0.060829718
0.08614117
0.0847845
0.098335594
0.11551297
0.12508371
0.13549033
0.12295535
0.123490475
0.18285312
0.1631724
0.15658675
0.1891255
0.22302523
0.18378903
0.1892282
0.20310062
0.23581594
0.27624357
0.22493024
0.20870097
0.22897507
0.26723412
0.24038704
0.25503206
0.24127235
0.30458742
0.29479963
0.29065707
0.28444767
0.28752184
0.24718396
0.29870522
0.2846723
0.26194382
0.27420112
0.2869326
0.28195512
0.2912417
0.32828966
0.3058679
0.33328858
0.31834784
0.29970348
0.3279606
0.29280233
0.28846708
0.3124459
0.29970524
0.28104103
0.31035578
0.27375472
0.2528506
0.041814305
0.042850714
0.04667266
0.044434663
0.06913503
0.050437555
0.038556974
0.042105567
0.049934696
0.06019698
0.060624335
0.038808946
0.05198644
0.027325893
0.033861827
0.03810162
0.027806018
0.024866333
0.03128266
0.044618145
0.025989946
0.024913784
0.02669356
0.03912504
0.025722947
0.028539285
0.022811614
0.022873238
0.026665919
0.032929458
0.023822324
0.03773619
0.029023005
0.020749738
0.02736158
0.022433404
0.024392013
0.023524648
0.034762196
0.017497664
0.027643176
0.020966938
0.021456225
0.03255646
0.023985675
