0.33929765
0.18228851
0.11186335
0.093537286
0.06278273
0.06177239
0.0790294
0.061686084
0.06973154
0.04885752
0.063308194
0.04179653
0.050452992
0.038299695
0.046909384
0.03555103
0.03746791
0.028747085
0.057060454
0.023372812
0.018967243
0.019277502
0.026186086
0.019087978
0.024152167
0.029564606
0.016614627
0.017642232
0.02302222
0.014936955
0.009020074
0.018847778
0.015967537
0.017619893
0.023441497
0.011073045
0.024012988
0.0151999565
0.00627614
0.016267585
0.00964507
0.021209946
0.013863212
0.017225215
0.017731814
0.01678397
0.0089165075
0.008314081
0.013528704
0.013111448
0.012674001
0.006996516
0.009102429
0.015460508
0.011167048
0.0060727135
0.019009577
0.012676155
0.01717741
0.014720445
0.009881846
0.0102924565
0.0083983615
0.013338196
0.023246538
0.0077377185
0.00662651
0.010639591
0.0058543775
0.007556298
0.011313763
0.011611896
0.004179545
0.006661983
0.021061758
0.009025546
0.007857644
0.007673433
0.009044849
0.0032395318
0.003923089
0.0041745086
0.010311517
0.010900155
0.0044192947
0.0034259888
0.011193773
0.010042252
0.0066284486
0.005385425
0.009135093
0.0074047926
0.017834006
0.007242464
0.020737791
0.0055794036
0.020924823
0.015748782
0.009440791
