0.09389256
0.1998227
0.11225063
0.09226089
0.07244888
0.114639856
0.0805581
0.10059973
0.06595017
0.03607142
0.079962924
0.07165274
0.047627714
0.05827515
0.05377841
0.03163007
0.034784228
0.039417997
0.024794469
0.02370351
0.020404225
0.015914923
0.013187526
0.014474774
0.023987997
0.009886663
0.012325325
0.012851251
0.010959754
0.014622083
0.010528651
0.012238557
0.01379149
0.007891256
0.009336501
0.011120782
0.011123623
0.0085100895
0.005812263
0.018895503
0.019491188
0.009610566
0.006551571
0.007136841
0.009705269
0.010231837
0.00965883
0.007957259
0.011028164
