0.2891533
0.153768
0.103477806
0.072395
0.08807898
0.048208065
0.030618247
0.028088145
0.020326834
0.016034944
0.025059136
0.011293754
0.016349599
0.021751402
0.009886606
0.0138328085
0.01572728
0.012013756
0.017882152
0.022788286
0.018388553
0.018255033
0.020540528
0.015823899
0.019092444
0.028556075
0.021529706
0.012200216
0.020155901
0.01664275
0.013069617
0.010140665
0.010142796
0.0134459
0.008342657
0.00844552
0.018306412
0.0063648596
0.0118012745
0.004890102
0.007900785
0.016478108
0.010440452
0.009330869
0.0044211093
0.0140818115
0.008873307
0.010145882
0.009282511
0.022917334
0.01672822
0.008597284
0.010402035
0.009090391
0.01083814
0.010431198
0.009366495
0.010256753
0.016692327
0.006419315
0.011098464
0.010410781
0.007234077
0.005599991
0.017703632
0.00995696
0.0199285
0.010743367
0.010611816
0.007984481
0.010631688
0.0062999567
0.0056506786
0.006694433
0.0056149876
0.01656476
0.0075339745
0.0067991014
0.0063633025
0.014704935
0.0053029577
0.0047409358
0.004346888
0.011820807
0.006959479
0.0037899616
0.0024918572
0.006334982
0.005134109
0.004505143
0.006938569
0.010117024
0.0049648164
0.0056573558
0.007696908
0.0040122797
0.0028964377
0.0049368977
0.0039588604
