0.20677492
0.1691984
0.1278226
0.14468771
0.13784659
0.09174571
0.050723497
0.05036384
0.063950896
0.05329006
0.037745044
0.035709195
0.034373194
0.028654924
0.031956285
0.035820514
0.02982792
0.028285779
0.019589799
0.023459727
0.030846274
0.021675227
0.024281776
0.016224982
0.021596303
0.024103325
0.023154082
0.017019339
0.017701508
0.015628671
0.02271322
0.018563557
0.015603584
0.015030493
0.017174374
0.021038445
0.021833567
0.014788657
0.018607525
0.014556426
0.009810028
0.017435396
0.014496226
0.01065534
0.017426347
0.012584074
0.010523245
0.01442333
0.0114553245
